town,flat_type,floor_area_sqm,resale_price,remaining_lease,storey_range
BEDOK,2,45,238000,60,4
BEDOK,3,68,272000,62,4
BEDOK,3,59,278000,60,7
BEDOK,3,68,280000,62,1
BEDOK,3,59,280000,58,1
BEDOK,3,63,281000,70,4
BEDOK,3,68,285000,63,4
BEDOK,3,68,285000,63,4
BEDOK,3,70,287000,67,10
BEDOK,3,68,290000,61,13
BEDOK,3,60,290000,68,10
BEDOK,3,68,293000,62,4
BEDOK,3,60,300000,68,10
BEDOK,3,67,300000,68,10
BEDOK,3,65,300000,58,13
BEDOK,3,65,300000,56,7
BEDOK,3,60,300000,67,13
BEDOK,3,60,301888,67,7
BEDOK,3,67,305000,59,4
BEDOK,3,68,310000,63,7
BEDOK,3,67,310000,67,1
BEDOK,3,68,310000,63,7
BEDOK,3,75,310000,66,4
BEDOK,3,70,312000,60,7
BEDOK,3,65,312000,58,10
BEDOK,3,66,312000,65,4
BEDOK,3,68,313000,63,7
BEDOK,3,67,332000,61,10
BEDOK,3,73,336000,60,4
BEDOK,3,82,358000,61,10
BEDOK,3,82,360000,67,1
BEDOK,3,82,365000,62,4
BEDOK,4,84,350000,69,4
BEDOK,4,90,350000,59,13
BEDOK,4,84,350000,59,4
BEDOK,4,90,358000,59,10
BEDOK,4,82,358000,58,4
BEDOK,4,82,375000,58,13
BEDOK,4,91,380000,60,1
BEDOK,4,91,382000,60,4
BEDOK,4,84,384000,69,7
BEDOK,4,84,385000,69,13
BEDOK,4,91,390000,60,1
BEDOK,4,84,392000,68,7
BEDOK,4,84,395000,68,7
BEDOK,4,92,395000,60,7
BEDOK,4,91,410000,62,1
BEDOK,4,93,412000,62,4
BEDOK,4,98,420000,64,7
BEDOK,4,91,425000,60,13
BEDOK,4,92,430000,60,10
BEDOK,4,104,430000,66,4
BEDOK,4,105,480000,83,4
BEDOK,4,90,499000,83,13
BEDOK,4,92,580000,87,7
BEDOK,4,104,625000,71,4
BEDOK,4,97,671000,92,10
BEDOK,5,120,485000,64,1
BEDOK,5,130,530000,54,7
BEDOK,5,132,550000,78,4
BEDOK,5,119,604000,60,16
BEDOK,5,115,610000,82,16
BEDOK,5,122,610000,75,13
BEDOK,5,137,633000,66,4
BEDOK,5,139,660000,66,1
BEDOK,5,112,795000,92,13
BEDOK,6,143,668000,75,4
BEDOK,6,146,670000,68,1
BEDOK,6,145,725000,75,10
BEDOK,6,141,730000,75,10
BEDOK,2,45,245000,67,7
BEDOK,2,45,246000,68,1
BEDOK,3,60,260000,68,1
BEDOK,3,67,265000,59,1
BEDOK,3,59,270000,60,13
BEDOK,3,65,275000,57,4
BEDOK,3,60,285000,67,7
BEDOK,3,68,285000,62,4
BEDOK,3,65,285000,54,1
BEDOK,3,67,288000,67,1
BEDOK,3,68,290000,61,4
BEDOK,3,67,295000,60,4
BEDOK,3,70,295000,60,7
BEDOK,3,68,300000,63,7
BEDOK,3,67,301000,67,4
BEDOK,3,68,302000,63,7
BEDOK,3,73,305000,59,1
BEDOK,3,65,308000,59,7
BEDOK,3,67,310000,60,1
BEDOK,3,68,310000,61,7
BEDOK,3,68,310000,61,10
BEDOK,3,67,312300,60,10
BEDOK,3,68,315000,63,7
BEDOK,3,67,315000,67,4
BEDOK,3,67,320000,68,4
BEDOK,3,68,330000,61,16
BEDOK,3,81,335000,59,7
BEDOK,3,82,340000,62,1
BEDOK,3,68,348000,62,4
BEDOK,3,82,349000,61,10
BEDOK,3,82,355000,61,1
BEDOK,3,73,358000,61,1
BEDOK,3,68,358000,60,7
BEDOK,3,69,425000,92,4
BEDOK,4,90,347000,59,10
BEDOK,4,84,348000,59,1
BEDOK,4,92,365000,61,1
BEDOK,4,84,371000,70,1
BEDOK,4,84,380000,67,7
BEDOK,4,102,395888,63,7
BEDOK,4,93,398000,63,4
BEDOK,4,84,398000,59,13
BEDOK,4,92,404000,61,4
BEDOK,4,92,408000,60,4
BEDOK,4,92,410000,62,1
BEDOK,4,91,410000,64,4
BEDOK,4,91,410000,63,13
BEDOK,4,84,415000,70,4
BEDOK,4,104,423888,75,1
BEDOK,4,84,470000,67,10
BEDOK,4,104,475000,75,7
BEDOK,4,105,483800,82,1
BEDOK,4,108,490000,78,7
BEDOK,4,105,548000,82,16
BEDOK,4,92,586000,87,10
BEDOK,4,92,598000,87,16
BEDOK,4,92,611000,87,4
BEDOK,4,84,470000,67,10
BEDOK,5,121,422000,67,4
BEDOK,5,121,467000,64,10
BEDOK,5,121,475000,63,10
BEDOK,5,121,500000,80,1
BEDOK,5,121,515000,64,10
BEDOK,5,121,515000,63,13
BEDOK,5,117,530000,60,10
BEDOK,5,134,603000,66,4
BEDOK,5,115,605000,82,13
BEDOK,5,120,635000,59,4
BEDOK,5,122,655000,62,19
BEDOK,5,118,735000,60,22
BEDOK,6,141,800000,77,7
BEDOK,5,122,640000,66,10
BEDOK,2,45,238000,68,7
BEDOK,3,59,260000,59,10
BEDOK,3,68,262000,61,1
BEDOK,3,65,272000,55,7
BEDOK,3,65,272000,59,1
BEDOK,3,59,280000,60,10
BEDOK,3,64,280000,68,4
BEDOK,3,68,280000,62,1
BEDOK,3,68,285000,62,4
BEDOK,3,59,285000,60,10
BEDOK,3,67,285000,61,4
BEDOK,3,68,286000,61,1
BEDOK,3,68,290000,61,4
BEDOK,3,60,290000,67,7
BEDOK,3,67,290000,64,1
BEDOK,3,73,290000,57,10
BEDOK,3,59,295000,59,13
BEDOK,3,68,296888,63,4
BEDOK,3,65,300000,59,1
BEDOK,3,60,300000,67,7
BEDOK,3,67,300000,67,10
BEDOK,3,65,300000,59,7
BEDOK,3,65,300000,59,10
BEDOK,3,65,303000,55,7
BEDOK,3,67,305000,60,1
BEDOK,3,67,305000,61,4
BEDOK,3,67,305000,67,4
BEDOK,3,67,307000,59,10
BEDOK,3,67,308000,60,13
BEDOK,3,67,308000,61,4
BEDOK,3,67,308000,60,10
BEDOK,3,60,308888,68,4
BEDOK,3,65,310000,64,4
BEDOK,3,68,310000,60,1
BEDOK,3,68,310000,63,4
BEDOK,3,67,313000,60,1
BEDOK,3,68,318000,61,4
BEDOK,3,70,325000,59,13
BEDOK,3,67,325000,60,1
BEDOK,3,73,326000,57,10
BEDOK,3,81,327000,59,4
BEDOK,3,76,330000,65,7
BEDOK,3,67,335000,60,7
BEDOK,3,67,340000,60,7
BEDOK,3,67,340000,61,4
BEDOK,3,82,340000,62,7
BEDOK,3,68,343000,61,4
BEDOK,3,67,348000,60,7
BEDOK,3,68,350000,60,7
BEDOK,3,82,360000,60,7
BEDOK,3,82,360000,63,7
BEDOK,3,69,488000,92,16
BEDOK,4,82,350000,57,1
BEDOK,4,84,368888,59,10
BEDOK,4,92,370000,61,1
BEDOK,4,83,375000,60,4
BEDOK,4,84,380000,69,7
BEDOK,4,91,385000,62,7
BEDOK,4,91,390000,67,10
BEDOK,4,92,396888,61,4
BEDOK,4,92,400000,60,10
BEDOK,4,83,405000,67,1
BEDOK,4,92,410000,62,4
BEDOK,4,84,412500,67,1
BEDOK,4,94,420000,64,4
BEDOK,4,92,430000,60,13
BEDOK,4,92,440000,60,10
BEDOK,4,104,448000,65,7
BEDOK,4,105,452000,66,7
BEDOK,4,92,468000,60,10
BEDOK,4,104,472000,78,4
BEDOK,4,108,495000,78,10
BEDOK,4,105,515000,82,13
BEDOK,4,105,525000,82,13
BEDOK,4,105,550000,82,13
BEDOK,4,92,588000,87,16
BEDOK,4,94,600000,92,4
BEDOK,4,92,600000,87,10
BEDOK,4,104,625000,70,1
BEDOK,4,97,640000,92,1
BEDOK,4,92,468000,60,10
BEDOK,5,121,430000,64,1
BEDOK,5,122,490000,68,1
BEDOK,5,122,500000,68,10
BEDOK,5,121,520000,62,7
BEDOK,5,115,535000,82,7
BEDOK,5,117,538000,60,1
BEDOK,5,123,540000,60,1
BEDOK,5,125,543000,62,7
BEDOK,5,117,545000,60,4
BEDOK,5,123,555000,75,1
BEDOK,5,128,560000,78,7
BEDOK,5,114,590000,56,10
BEDOK,5,118,628000,62,10
BEDOK,5,137,650000,66,10
BEDOK,5,118,680000,62,22
BEDOK,5,123,688000,60,19
BEDOK,5,118,695000,59,16
BEDOK,5,121,735000,70,4
BEDOK,6,142,640000,75,7
BEDOK,6,145,685000,78,1
BEDOK,6,145,768000,78,13
BEDOK,2,45,220000,60,4
BEDOK,2,45,240000,67,1
BEDOK,3,59,260000,60,4
BEDOK,3,65,262500,54,4
BEDOK,3,60,270000,68,7
BEDOK,3,67,270000,61,1
BEDOK,3,75,272000,65,4
BEDOK,3,59,275000,60,13
BEDOK,3,68,275000,63,4
BEDOK,3,64,280000,68,1
BEDOK,3,67,280000,66,4
BEDOK,3,59,280000,60,10
BEDOK,3,68,280000,61,13
BEDOK,3,59,285000,60,10
BEDOK,3,67,288000,60,4
BEDOK,3,67,288000,61,1
BEDOK,3,67,288000,61,1
BEDOK,3,68,290000,61,4
BEDOK,3,67,290000,61,1
BEDOK,3,67,290000,61,7
BEDOK,3,67,290000,61,4
BEDOK,3,67,290000,64,4
BEDOK,3,67,293000,59,1
BEDOK,3,64,295000,69,1
BEDOK,3,67,295000,59,1
BEDOK,3,68,295000,61,7
BEDOK,3,65,295000,57,1
BEDOK,3,67,297500,66,4
BEDOK,3,67,298000,61,7
BEDOK,3,65,298000,59,10
BEDOK,3,67,301000,61,1
BEDOK,3,68,305000,60,1
BEDOK,3,70,305000,68,1
BEDOK,3,68,312000,62,7
BEDOK,3,68,315000,64,10
BEDOK,3,73,316000,55,4
BEDOK,3,67,320000,64,1
BEDOK,3,84,325000,64,1
BEDOK,3,76,325000,65,7
BEDOK,3,82,330000,61,1
BEDOK,3,67,335000,67,7
BEDOK,3,68,336000,61,1
BEDOK,3,82,337000,62,1
BEDOK,3,67,350000,60,4
BEDOK,3,81,353000,60,1
BEDOK,3,67,358888,61,7
BEDOK,3,68,375000,62,10
BEDOK,3,82,385000,62,4
BEDOK,3,62,415000,92,4
BEDOK,4,84,320000,59,1
BEDOK,4,84,352000,59,4
BEDOK,4,83,360000,70,4
BEDOK,4,91,363000,67,1
BEDOK,4,84,365000,59,7
BEDOK,4,91,370000,67,1
BEDOK,4,83,375000,68,13
BEDOK,4,92,380000,61,4
BEDOK,4,91,380000,60,1
BEDOK,4,83,380000,70,4
BEDOK,4,84,385000,59,13
BEDOK,4,92,385000,67,1
BEDOK,4,84,385000,69,4
BEDOK,4,84,399000,69,10
BEDOK,4,93,400000,62,7
BEDOK,4,91,400000,64,7
BEDOK,4,91,400000,63,4
BEDOK,4,92,408000,60,7
BEDOK,4,93,410000,62,7
BEDOK,4,92,412000,61,10
BEDOK,4,105,415000,66,10
BEDOK,4,92,415000,60,4
BEDOK,4,89,418000,66,7
BEDOK,4,92,433888,60,10
BEDOK,4,104,460000,65,7
BEDOK,4,92,465000,60,10
BEDOK,4,108,470000,78,4
BEDOK,4,92,475000,60,10
BEDOK,4,92,480000,60,10
BEDOK,4,106,485000,78,7
BEDOK,4,92,485000,60,13
BEDOK,4,92,485000,60,13
BEDOK,4,107,500000,82,4
BEDOK,4,105,515000,82,4
BEDOK,4,104,515000,82,13
BEDOK,4,105,526000,82,7
BEDOK,4,92,573000,87,4
BEDOK,4,92,593000,87,10
BEDOK,4,94,680000,92,7
BEDOK,4,108,470000,78,4
BEDOK,5,117,500000,60,7
BEDOK,5,123,510000,60,4
BEDOK,5,121,525000,62,10
BEDOK,5,121,539999,62,7
BEDOK,5,121,545000,78,7
BEDOK,5,127,558000,78,7
BEDOK,5,121,560000,78,10
BEDOK,5,122,565000,67,10
BEDOK,5,115,565000,82,10
BEDOK,5,125,580000,78,4
BEDOK,5,123,593000,75,7
BEDOK,5,122,615000,75,10
BEDOK,5,123,675000,59,13
BEDOK,5,117,720888,57,16
BEDOK,5,118,730000,59,16
BEDOK,6,148,650000,65,1
BEDOK,6,143,657500,68,7
BEDOK,6,143,685000,78,4
BEDOK,6,146,691888,78,7
BEDOK,3,59,255000,59,10
BEDOK,3,65,260000,55,13
BEDOK,3,70,263000,59,1
BEDOK,3,59,265000,59,4
BEDOK,3,60,268000,68,1
BEDOK,3,65,275000,54,1
BEDOK,3,65,276000,54,10
BEDOK,3,68,278000,61,1
BEDOK,3,65,280000,54,10
BEDOK,3,67,280000,61,7
BEDOK,3,73,280000,60,4
BEDOK,3,67,280000,60,4
BEDOK,3,69,280000,67,1
BEDOK,3,67,283000,61,7
BEDOK,3,67,285000,61,4
BEDOK,3,67,285000,60,4
BEDOK,3,68,287000,61,4
BEDOK,3,68,288000,61,4
BEDOK,3,68,288000,63,10
BEDOK,3,68,290000,61,1
BEDOK,3,68,290000,62,4
BEDOK,3,67,293888,67,4
BEDOK,3,67,295000,68,4
BEDOK,3,67,295000,61,10
BEDOK,3,68,295000,62,10
BEDOK,3,60,300000,67,10
BEDOK,3,68,300000,63,7
BEDOK,3,67,300000,67,1
BEDOK,3,68,301000,62,4
BEDOK,3,68,303000,64,1
BEDOK,3,68,308000,64,7
BEDOK,3,65,310000,64,13
BEDOK,3,67,310000,61,10
BEDOK,3,68,310000,62,4
BEDOK,3,67,310000,59,13
BEDOK,3,59,310000,57,7
BEDOK,3,76,310000,59,1
BEDOK,3,65,310000,59,10
BEDOK,3,67,310800,59,7
BEDOK,3,67,314000,60,10
BEDOK,3,69,320000,67,4
BEDOK,3,68,320000,63,4
BEDOK,3,83,333000,61,1
BEDOK,3,82,348000,60,7
BEDOK,3,73,350000,59,4
BEDOK,3,88,350000,60,1
BEDOK,3,73,360000,61,4
BEDOK,3,82,370000,59,7
BEDOK,3,82,373000,67,10
BEDOK,3,67,380000,61,7
BEDOK,4,92,351500,61,1
BEDOK,4,93,353000,62,1
BEDOK,4,84,360000,59,7
BEDOK,4,97,370000,64,1
BEDOK,4,84,385000,68,4
BEDOK,4,92,390000,62,4
BEDOK,4,92,395000,62,1
BEDOK,4,92,398000,61,10
BEDOK,4,92,398000,59,7
BEDOK,4,95,398000,62,7
BEDOK,4,84,398000,68,7
BEDOK,4,84,399000,68,10
BEDOK,4,104,400000,65,1
BEDOK,4,92,405000,61,1
BEDOK,4,92,415000,61,1
BEDOK,4,96,415000,67,7
BEDOK,4,92,418000,61,7
BEDOK,4,92,420000,61,7
BEDOK,4,92,420000,61,7
BEDOK,4,98,425000,60,4
BEDOK,4,101,426000,61,16
BEDOK,4,92,428888,60,10
BEDOK,4,92,430000,61,10
BEDOK,4,92,438800,60,10
BEDOK,4,92,452088,60,10
BEDOK,4,92,465000,60,4
BEDOK,4,104,470000,82,4
BEDOK,4,92,480888,59,10
BEDOK,4,103,488000,67,10
BEDOK,4,104,507000,66,10
BEDOK,4,105,508000,82,10
BEDOK,4,104,510000,82,7
BEDOK,4,107,510000,78,13
BEDOK,4,92,550000,87,7
BEDOK,4,92,586888,87,16
BEDOK,4,97,635000,92,1
BEDOK,4,97,655000,92,1
BEDOK,4,97,663000,92,4
BEDOK,4,104,470000,82,4
BEDOK,5,127,485000,75,7
BEDOK,5,121,488000,62,7
BEDOK,5,121,508000,62,10
BEDOK,5,121,517000,62,1
BEDOK,5,124,525000,75,1
BEDOK,5,127,550000,75,10
BEDOK,5,123,555000,60,7
BEDOK,5,126,560000,78,10
BEDOK,5,139,605000,74,7
BEDOK,5,122,618888,67,7
BEDOK,5,119,650000,61,10
BEDOK,6,150,635000,67,7
BEDOK,6,145,690000,75,10
BEDOK,6,146,760000,78,10
BEDOK,6,150,816000,70,1
BEDOK,2,45,226000,60,4
BEDOK,3,63,272000,70,1
BEDOK,3,67,275000,64,1
BEDOK,3,68,275000,61,1
BEDOK,3,67,280000,59,1
BEDOK,3,68,280000,63,1
BEDOK,3,65,280000,54,10
BEDOK,3,64,288000,70,4
BEDOK,3,67,290000,61,1
BEDOK,3,67,290000,59,4
BEDOK,3,67,290000,67,7
BEDOK,3,68,294000,63,7
BEDOK,3,67,300000,66,1
BEDOK,3,68,300000,62,7
BEDOK,3,68,300000,63,1
BEDOK,3,59,300888,59,7
BEDOK,3,67,303000,60,7
BEDOK,3,67,310000,59,13
BEDOK,3,67,310000,59,4
BEDOK,3,65,310000,58,13
BEDOK,3,65,310000,58,10
BEDOK,3,68,313000,61,10
BEDOK,3,67,315000,60,7
BEDOK,3,67,315888,61,10
BEDOK,3,82,325000,59,1
BEDOK,3,73,328000,59,1
BEDOK,3,67,345000,60,1
BEDOK,3,73,350000,59,13
BEDOK,3,67,350000,61,7
BEDOK,3,82,360000,61,1
BEDOK,3,68,370000,60,4
BEDOK,3,69,442000,91,4
BEDOK,3,69,505000,91,4
BEDOK,4,84,350000,59,4
BEDOK,4,82,358000,57,7
BEDOK,4,82,365000,56,4
BEDOK,4,84,378000,70,7
BEDOK,4,91,385000,67,7
BEDOK,4,92,389000,59,4
BEDOK,4,92,390000,59,1
BEDOK,4,92,390000,62,4
BEDOK,4,82,390000,56,13
BEDOK,4,84,394000,68,10
BEDOK,4,88,395000,57,13
BEDOK,4,92,400000,60,4
BEDOK,4,93,407000,67,1
BEDOK,4,92,408000,59,7
BEDOK,4,95,415000,61,16
BEDOK,4,92,418000,61,10
BEDOK,4,98,418000,62,10
BEDOK,4,89,420000,60,4
BEDOK,4,92,430000,61,10
BEDOK,4,103,430000,66,10
BEDOK,4,106,495000,78,4
BEDOK,4,107,556000,82,16
BEDOK,4,92,580000,87,4
BEDOK,4,92,580000,87,19
BEDOK,5,121,438000,67,4
BEDOK,5,122,455000,68,1
BEDOK,5,121,457000,62,1
BEDOK,5,122,480000,68,1
BEDOK,5,122,508000,68,10
BEDOK,5,117,560000,59,16
BEDOK,5,126,585000,78,7
BEDOK,5,127,590000,78,7
BEDOK,5,124,605000,75,13
BEDOK,5,120,609000,80,10
BEDOK,5,117,619000,57,13
BEDOK,5,115,660000,59,25
BEDOK,5,118,660000,59,16
BEDOK,5,115,728000,59,22
BEDOK,6,149,660000,65,4
BEDOK,6,143,686888,65,7
BEDOK,6,143,700000,78,1
BEDOK,6,141,740000,77,1
BEDOK,3,68,302000,61,10
BEDOK,3,67,305000,60,4
BEDOK,3,59,256000,59,1
BEDOK,3,68,265000,61,1
BEDOK,3,59,268000,59,4
BEDOK,3,65,270000,55,7
BEDOK,3,67,270000,61,1
BEDOK,3,65,270000,55,4
BEDOK,3,65,275000,54,10
BEDOK,3,67,278000,59,4
BEDOK,3,59,278000,59,10
BEDOK,3,67,280000,60,7
BEDOK,3,67,280000,67,1
BEDOK,3,67,280000,59,4
BEDOK,3,60,283000,67,7
BEDOK,3,67,285000,61,4
BEDOK,3,60,285000,67,7
BEDOK,3,67,288000,63,4
BEDOK,3,64,290000,68,4
BEDOK,3,76,290000,65,10
BEDOK,3,68,293000,63,7
BEDOK,3,68,300000,60,1
BEDOK,3,67,305000,64,4
BEDOK,3,67,308000,60,4
BEDOK,3,65,308000,57,7
BEDOK,3,76,308000,65,4
BEDOK,3,67,309000,59,4
BEDOK,3,68,310000,67,7
BEDOK,3,65,310000,58,10
BEDOK,3,67,313000,66,7
BEDOK,3,67,315000,64,7
BEDOK,3,67,315888,60,10
BEDOK,3,82,316288,61,1
BEDOK,3,66,319000,64,10
BEDOK,3,67,320000,59,10
BEDOK,3,67,325000,61,1
BEDOK,3,68,325000,61,7
BEDOK,3,67,333000,60,7
BEDOK,3,73,333999,59,10
BEDOK,3,82,350000,59,7
BEDOK,3,82,378000,59,10
BEDOK,3,73,385000,61,7
BEDOK,4,88,315000,57,1
BEDOK,5,114,608000,57,7
BEDOK,4,90,330000,59,4
BEDOK,4,83,340000,59,1
BEDOK,4,84,355000,59,4
BEDOK,4,88,366000,57,4
BEDOK,4,91,375000,59,1
BEDOK,4,84,375000,59,4
BEDOK,4,82,375888,56,1
BEDOK,4,90,391000,59,13
BEDOK,4,92,392000,61,10
BEDOK,4,92,395000,60,7
BEDOK,4,93,400000,67,13
BEDOK,4,91,408000,62,4
BEDOK,4,91,410000,59,10
BEDOK,4,92,418000,60,13
BEDOK,4,92,420000,61,4
BEDOK,4,98,420000,67,4
BEDOK,4,92,430000,61,10
BEDOK,4,91,435000,62,10
BEDOK,4,108,440000,78,4
BEDOK,4,103,455000,66,7
BEDOK,4,92,475000,61,7
BEDOK,4,105,508000,82,7
BEDOK,4,105,510000,82,7
BEDOK,4,105,518000,82,4
BEDOK,4,92,620000,87,16
BEDOK,4,94,670000,91,10
BEDOK,5,121,450000,67,4
BEDOK,5,122,460000,68,4
BEDOK,5,121,485000,63,7
BEDOK,5,125,490000,62,7
BEDOK,5,121,505888,62,7
BEDOK,5,125,518000,60,7
BEDOK,5,126,520000,78,1
BEDOK,5,123,535000,61,4
BEDOK,5,121,535000,62,7
BEDOK,5,115,536000,82,4
BEDOK,5,115,555000,82,4
BEDOK,5,117,563000,59,7
BEDOK,5,115,565000,82,10
BEDOK,5,119,572000,60,4
BEDOK,5,119,593000,60,13
BEDOK,5,117,600000,82,16
BEDOK,5,117,610000,56,10
BEDOK,5,110,698000,87,7
BEDOK,5,117,715000,57,22
BEDOK,6,143,655000,74,4
BEDOK,6,147,678000,65,7
BEDOK,6,143,820000,74,7
BEDOK,6,146,870000,70,4
BEDOK,4,92,540000,87,4
BEDOK,3,67,250000,61,1
BEDOK,3,65,260000,64,10
BEDOK,3,60,270000,67,7
BEDOK,3,67,270000,64,1
BEDOK,3,75,273000,53,4
BEDOK,3,67,280000,58,7
BEDOK,3,67,280000,60,1
BEDOK,3,68,280000,61,4
BEDOK,3,65,280000,58,4
BEDOK,3,68,283000,62,7
BEDOK,3,67,290000,59,4
BEDOK,3,67,290000,59,1
BEDOK,3,68,290000,61,1
BEDOK,3,67,295000,60,7
BEDOK,3,68,295000,61,4
BEDOK,3,68,295000,61,1
BEDOK,3,65,295000,57,10
BEDOK,3,67,296000,60,10
BEDOK,3,65,297000,58,4
BEDOK,3,65,305000,57,4
BEDOK,3,70,305000,68,1
BEDOK,3,68,310000,60,1
BEDOK,3,68,310000,62,4
BEDOK,3,67,312000,59,4
BEDOK,3,73,318000,59,10
BEDOK,3,67,318000,57,4
BEDOK,3,67,320000,60,4
BEDOK,3,76,320000,65,10
BEDOK,3,67,327000,60,10
BEDOK,3,82,330000,61,10
BEDOK,3,68,335000,61,4
BEDOK,3,82,338000,58,1
BEDOK,3,68,338000,60,4
BEDOK,3,82,338000,67,4
BEDOK,3,67,345000,57,13
BEDOK,3,82,355000,59,10
BEDOK,3,82,355000,62,7
BEDOK,3,68,365000,60,7
BEDOK,3,83,390000,61,4
BEDOK,4,90,350000,59,7
BEDOK,4,82,355000,57,4
BEDOK,4,82,358000,57,4
BEDOK,4,84,368000,59,10
BEDOK,4,82,370000,57,4
BEDOK,4,92,375000,61,1
BEDOK,4,85,378000,68,7
BEDOK,4,84,380000,59,7
BEDOK,4,92,390000,61,4
BEDOK,4,93,395000,66,1
BEDOK,4,91,398000,64,10
BEDOK,4,92,400000,60,7
BEDOK,4,92,400000,61,10
BEDOK,4,103,405000,65,10
BEDOK,4,92,408000,59,4
BEDOK,4,92,415000,60,10
BEDOK,4,92,415000,60,1
BEDOK,4,103,415000,69,10
BEDOK,4,92,420000,61,4
BEDOK,4,92,420000,59,10
BEDOK,4,92,423000,60,4
BEDOK,4,92,423000,60,4
BEDOK,4,92,430000,60,10
BEDOK,4,108,438000,77,1
BEDOK,4,92,452000,61,7
BEDOK,4,92,455000,61,7
BEDOK,4,104,460000,65,7
BEDOK,4,105,470000,82,7
BEDOK,4,105,471688,82,1
BEDOK,4,85,488000,87,1
BEDOK,4,92,490000,60,13
BEDOK,4,105,490000,66,10
BEDOK,4,108,495000,78,7
BEDOK,4,104,512000,74,7
BEDOK,4,105,525000,82,10
BEDOK,4,105,540000,82,16
BEDOK,4,85,545000,87,10
BEDOK,4,104,625000,70,4
BEDOK,4,97,646000,91,1
BEDOK,4,125,650000,70,7
BEDOK,4,87,671888,91,10
BEDOK,4,105,470000,82,7
BEDOK,5,121,438000,63,1
BEDOK,5,123,450000,62,4
BEDOK,5,121,470000,63,4
BEDOK,5,121,475000,62,1
BEDOK,5,121,480000,62,10
BEDOK,5,122,490000,68,13
BEDOK,5,115,538000,82,4
BEDOK,5,122,545000,67,1
BEDOK,5,122,555000,67,1
BEDOK,5,133,555000,77,1
BEDOK,5,124,560000,74,4
BEDOK,5,115,568000,82,10
BEDOK,5,118,585000,61,7
BEDOK,5,115,588000,82,10
BEDOK,5,120,590000,58,1
BEDOK,5,115,601888,82,19
BEDOK,5,120,645000,59,25
BEDOK,5,116,645000,82,13
BEDOK,5,119,670000,60,22
BEDOK,5,141,672000,65,7
BEDOK,5,118,673000,58,4
BEDOK,5,110,680000,87,16
BEDOK,5,140,690000,65,10
BEDOK,5,118,698000,59,22
BEDOK,5,115,751000,91,1
BEDOK,5,130,810000,70,13
BEDOK,5,120,840000,70,10
BEDOK,5,121,470000,63,4
BEDOK,6,148,705000,65,4
BEDOK,6,156,705000,78,1
BEDOK,6,143,745000,65,7
BEDOK,6,146,760000,67,4
BEDOK,6,143,811888,77,7
BEDOK,6,143,870000,77,19
BEDOK,3,59,280000,59,7
BEDOK,2,45,222000,59,4
BEDOK,2,45,245000,67,1
BEDOK,3,59,260000,59,7
BEDOK,3,59,268000,59,1
BEDOK,3,60,268000,67,4
BEDOK,3,67,270000,58,4
BEDOK,3,67,273000,66,1
BEDOK,3,67,275000,61,1
BEDOK,3,67,282000,60,1
BEDOK,3,68,283000,62,7
BEDOK,3,68,283800,62,7
BEDOK,3,65,285000,55,10
BEDOK,3,68,285000,61,4
BEDOK,3,68,287000,61,1
BEDOK,3,67,289000,59,1
BEDOK,3,68,290000,61,4
BEDOK,3,68,290000,61,4
BEDOK,3,67,298000,60,10
BEDOK,3,67,300000,59,7
BEDOK,3,67,300000,59,7
BEDOK,3,68,300000,61,10
BEDOK,3,67,300000,59,4
BEDOK,3,65,300000,57,7
BEDOK,3,68,302000,60,1
BEDOK,3,68,303000,61,13
BEDOK,3,67,305000,59,1
BEDOK,3,67,308000,67,10
BEDOK,3,76,308000,65,10
BEDOK,3,67,310000,60,7
BEDOK,3,67,310000,66,4
BEDOK,3,69,320000,67,4
BEDOK,3,73,330000,59,7
BEDOK,3,67,340000,57,7
BEDOK,3,73,345000,60,4
BEDOK,3,82,360000,60,13
BEDOK,3,73,365000,58,10
BEDOK,3,82,370000,60,7
BEDOK,3,73,370000,60,13
BEDOK,4,84,339800,59,10
BEDOK,4,90,350000,59,4
BEDOK,4,84,360000,68,4
BEDOK,4,84,360000,68,7
BEDOK,4,91,370000,66,4
BEDOK,4,91,370000,64,10
BEDOK,4,84,375000,59,7
BEDOK,4,91,380000,62,1
BEDOK,4,84,385000,67,4
BEDOK,4,93,388000,61,4
BEDOK,4,92,390000,60,1
BEDOK,4,91,390000,66,1
BEDOK,4,93,393000,61,7
BEDOK,4,83,395000,69,7
BEDOK,4,92,400000,61,7
BEDOK,4,92,403000,61,13
BEDOK,4,88,410000,57,4
BEDOK,4,93,413000,62,10
BEDOK,4,92,415000,60,13
BEDOK,4,91,425000,59,7
BEDOK,4,92,425000,60,1
BEDOK,4,92,425000,59,10
BEDOK,4,92,430000,59,7
BEDOK,4,92,430000,59,10
BEDOK,4,92,430000,61,7
BEDOK,4,92,442000,60,7
BEDOK,4,104,450000,65,10
BEDOK,4,105,460000,82,4
BEDOK,4,92,463000,59,16
BEDOK,4,105,490000,82,7
BEDOK,4,90,492000,82,7
BEDOK,4,105,510000,82,4
BEDOK,4,107,535000,82,4
BEDOK,4,105,535000,82,16
BEDOK,4,87,638000,91,1
BEDOK,4,92,643000,87,16
BEDOK,4,97,670000,91,4
BEDOK,4,94,681000,91,4
BEDOK,5,126,420000,63,4
BEDOK,5,117,425000,59,1
BEDOK,5,121,430000,63,4
BEDOK,5,122,440000,68,1
BEDOK,5,125,450000,62,4
BEDOK,5,121,458000,63,7
BEDOK,5,121,480000,61,4
BEDOK,5,125,490000,64,1
BEDOK,5,121,505000,64,7
BEDOK,5,123,595000,59,4
BEDOK,5,115,600000,82,19
BEDOK,5,120,602000,82,10
BEDOK,5,126,628888,74,10
BEDOK,5,119,650000,60,4
BEDOK,5,119,685000,56,19
BEDOK,5,117,707000,57,22
BEDOK,5,112,785000,91,4
BEDOK,6,142,730000,74,16
BEDOK,6,145,770000,78,10
BEDOK,6,146,840000,70,1
BEDOK,6,146,910000,70,4
BEDOK,3,59,240000,59,4
BEDOK,3,59,246000,59,4
BEDOK,3,59,254000,59,4
BEDOK,3,67,270000,66,4
BEDOK,3,67,270000,58,7
BEDOK,3,60,275000,67,4
BEDOK,3,64,277000,68,1
BEDOK,3,67,280000,61,1
BEDOK,3,65,280000,55,1
BEDOK,3,68,285000,63,1
BEDOK,3,68,294000,60,4
BEDOK,3,67,295000,66,10
BEDOK,3,68,295000,61,4
BEDOK,3,68,297000,67,1
BEDOK,3,68,298000,61,10
BEDOK,3,68,300000,60,7
BEDOK,3,67,300000,63,4
BEDOK,3,68,300000,62,1
BEDOK,3,79,300000,65,1
BEDOK,3,65,300000,58,10
BEDOK,3,68,305000,60,10
BEDOK,3,67,310000,60,4
BEDOK,3,76,310000,65,10
BEDOK,3,60,310000,67,13
BEDOK,3,68,320000,61,10
BEDOK,3,73,320000,59,10
BEDOK,3,73,320000,57,4
BEDOK,3,65,320000,55,7
BEDOK,3,73,320000,60,4
BEDOK,3,82,323000,59,4
BEDOK,3,68,328000,60,4
BEDOK,3,67,328000,59,10
BEDOK,3,73,330000,60,1
BEDOK,3,67,333800,59,13
BEDOK,3,66,335000,64,10
BEDOK,3,82,335888,61,10
BEDOK,3,67,338000,60,4
BEDOK,3,68,340000,60,4
BEDOK,3,68,363000,60,4
BEDOK,3,82,368000,66,10
BEDOK,3,82,370000,61,10
BEDOK,3,82,378888,59,4
BEDOK,3,82,388888,61,4
BEDOK,3,82,399000,60,1
BEDOK,3,69,510000,91,13
BEDOK,4,93,340000,67,1
BEDOK,4,103,360000,68,1
BEDOK,4,92,368000,60,1
BEDOK,4,84,370000,68,7
BEDOK,4,84,371000,68,4
BEDOK,4,82,378000,57,7
BEDOK,4,91,380000,62,7
BEDOK,4,84,380000,68,10
BEDOK,4,84,380000,58,7
BEDOK,4,84,385000,59,10
BEDOK,4,84,390000,58,4
BEDOK,4,92,395000,59,4
BEDOK,4,102,405000,62,7
BEDOK,4,92,410000,61,7
BEDOK,4,94,415000,60,13
BEDOK,4,92,415000,60,4
BEDOK,4,104,418000,68,4
BEDOK,4,103,423000,66,10
BEDOK,4,92,425000,60,10
BEDOK,4,91,428000,59,10
BEDOK,4,98,430000,59,10
BEDOK,4,104,439000,65,10
BEDOK,4,105,450000,82,1
BEDOK,4,92,455000,59,7
BEDOK,4,90,485000,82,4
BEDOK,4,105,488000,82,1
BEDOK,4,105,493000,82,10
BEDOK,4,85,528000,87,10
BEDOK,4,107,538000,82,10
BEDOK,4,107,543000,82,10
BEDOK,4,85,545000,87,10
BEDOK,4,92,572000,87,10
BEDOK,4,92,597000,87,19
BEDOK,4,97,695000,91,4
BEDOK,4,104,725000,70,7
BEDOK,5,121,423000,66,1
BEDOK,5,121,440000,62,1
BEDOK,5,122,450000,68,4
BEDOK,5,121,490000,62,4
BEDOK,5,121,500000,66,13
BEDOK,5,122,500000,68,13
BEDOK,5,121,521000,62,13
BEDOK,5,117,530000,59,10
BEDOK,5,133,547000,65,7
BEDOK,5,125,590000,60,13
BEDOK,5,122,615000,74,7
BEDOK,5,115,630000,82,16
BEDOK,5,122,780000,70,4
BEDOK,5,125,810000,70,7
BEDOK,6,143,610000,68,4
BEDOK,6,150,645000,67,10
BEDOK,6,151,680000,65,13
BEDOK,6,146,681088,67,10
BEDOK,6,148,690000,65,13
BEDOK,6,143,705000,78,7
BEDOK,6,152,780000,67,10
BEDOK,6,146,828000,70,4
BEDOK,6,146,830000,70,1
BEDOK,3,59,240000,59,4
BEDOK,3,60,260000,67,1
BEDOK,3,67,262000,60,1
BEDOK,3,61,265000,67,4
BEDOK,3,60,268000,67,1
BEDOK,3,67,270000,58,7
BEDOK,3,68,275000,61,7
BEDOK,3,68,280000,61,1
BEDOK,3,65,280000,55,7
BEDOK,3,65,280000,55,7
BEDOK,3,65,282000,55,1
BEDOK,3,67,283000,66,1
BEDOK,3,67,285000,59,4
BEDOK,3,67,288000,66,4
BEDOK,3,67,290000,65,7
BEDOK,3,67,290000,59,10
BEDOK,3,65,290000,58,4
BEDOK,3,67,290000,59,10
BEDOK,3,68,293000,60,4
BEDOK,3,67,295000,60,10
BEDOK,3,68,295000,60,7
BEDOK,3,67,297000,60,10
BEDOK,3,67,298000,60,7
BEDOK,3,67,300000,59,4
BEDOK,3,68,300000,61,7
BEDOK,3,67,305000,59,1
BEDOK,3,70,310000,59,4
BEDOK,3,61,310000,67,10
BEDOK,3,68,310000,62,4
BEDOK,3,60,310000,66,7
BEDOK,3,59,312000,59,10
BEDOK,3,65,315000,57,10
BEDOK,3,68,315000,60,13
BEDOK,3,68,318000,62,10
BEDOK,3,65,318000,57,10
BEDOK,3,67,325000,60,10
BEDOK,3,79,325000,65,10
BEDOK,3,67,330000,62,7
BEDOK,3,68,335000,61,7
BEDOK,3,68,340000,60,10
BEDOK,3,82,345000,61,7
BEDOK,3,67,350000,60,4
BEDOK,3,73,350000,57,13
BEDOK,3,82,355000,67,4
BEDOK,3,82,390000,60,4
BEDOK,4,90,332000,58,1
BEDOK,4,84,333000,58,4
BEDOK,4,84,348000,58,1
BEDOK,4,84,350000,58,1
BEDOK,4,84,355000,58,1
BEDOK,4,92,371000,60,1
BEDOK,4,91,378000,62,1
BEDOK,4,92,380000,59,1
BEDOK,4,91,380000,58,7
BEDOK,4,84,388888,58,13
BEDOK,4,91,395000,66,7
BEDOK,4,84,400000,67,4
BEDOK,4,91,405000,59,10
BEDOK,4,92,405000,59,1
BEDOK,4,92,410000,60,4
BEDOK,4,93,412000,67,13
BEDOK,4,92,415000,63,10
BEDOK,4,92,418000,60,10
BEDOK,4,92,418000,59,4
BEDOK,4,91,430000,62,10
BEDOK,4,93,435000,61,4
BEDOK,4,92,440000,59,7
BEDOK,4,91,445000,60,7
BEDOK,4,104,448000,65,10
BEDOK,4,101,450000,82,1
BEDOK,4,92,455000,59,16
BEDOK,4,98,465000,58,7
BEDOK,4,94,470000,60,7
BEDOK,4,108,479000,78,4
BEDOK,4,104,480000,74,1
BEDOK,4,92,485000,60,10
BEDOK,4,105,508000,82,7
BEDOK,4,92,530000,87,10
BEDOK,4,100,530000,82,10
BEDOK,4,105,535000,82,16
BEDOK,4,105,550000,82,16
BEDOK,4,92,565000,87,7
BEDOK,4,97,660000,91,1
BEDOK,4,94,470000,60,7
BEDOK,5,123,470000,60,7
BEDOK,5,121,490000,62,10
BEDOK,5,133,528000,64,10
BEDOK,5,117,530000,59,7
BEDOK,5,125,530000,77,4
BEDOK,5,115,548888,82,1
BEDOK,5,125,558000,61,7
BEDOK,5,115,577000,59,13
BEDOK,5,121,578888,74,7
BEDOK,5,125,580000,78,13
BEDOK,5,118,585000,61,7
BEDOK,5,115,586000,58,22
BEDOK,5,118,605000,61,7
BEDOK,5,118,612000,61,10
BEDOK,5,126,620000,78,10
BEDOK,5,121,625000,74,4
BEDOK,5,120,630000,82,10
BEDOK,5,115,633000,82,13
BEDOK,5,123,633888,60,22
BEDOK,5,118,640000,61,19
BEDOK,5,118,650000,59,16
BEDOK,5,119,665000,60,16
BEDOK,5,146,693000,65,1
BEDOK,5,120,718000,82,10
BEDOK,5,115,800000,91,4
BEDOK,5,127,880000,70,10
BEDOK,5,123,470000,60,7
BEDOK,6,151,620000,68,7
BEDOK,6,145,660000,74,4
BEDOK,6,151,690000,65,16
BEDOK,6,145,718000,78,7
BEDOK,6,142,750000,74,13
BEDOK,6,176,815000,59,7
BEDOK,6,154,840000,70,4
BEDOK,3,60,270000,67,4
BEDOK,3,60,265000,67,10
BEDOK,3,69,415000,91,1
BEDOK,3,67,302000,65,4
BEDOK,3,67,273000,60,4
BEDOK,3,67,291000,60,4
BEDOK,3,67,270000,60,1
BEDOK,3,67,323800,60,10
BEDOK,3,67,350000,60,10
BEDOK,3,73,300000,59,1
BEDOK,3,67,263000,58,1
BEDOK,3,60,280000,67,7
BEDOK,3,67,275000,58,4
BEDOK,3,59,245000,59,4
BEDOK,3,59,249000,59,1
BEDOK,3,73,345000,60,1
BEDOK,3,67,345000,59,10
BEDOK,3,68,290000,60,4
BEDOK,3,68,305000,61,7
BEDOK,3,67,282000,60,1
BEDOK,3,67,300000,59,4
BEDOK,3,64,285000,69,1
BEDOK,3,60,280000,67,4
BEDOK,3,60,270000,67,7
BEDOK,3,60,260000,67,7
BEDOK,3,60,275000,67,7
BEDOK,3,70,320000,66,7
BEDOK,3,73,350000,59,7
BEDOK,3,67,290000,59,10
BEDOK,3,65,290000,55,13
BEDOK,3,65,312000,55,10
BEDOK,3,73,325000,55,1
BEDOK,3,76,310000,65,7
BEDOK,3,75,315000,65,7
BEDOK,3,65,260000,53,1
BEDOK,3,68,305000,61,7
BEDOK,3,67,315000,66,4
BEDOK,3,65,290000,58,4
BEDOK,4,97,643000,91,1
BEDOK,4,97,686000,91,10
BEDOK,4,92,355000,60,1
BEDOK,4,92,350000,59,4
BEDOK,4,92,600000,87,4
BEDOK,4,92,414000,60,1
BEDOK,4,92,405000,59,10
BEDOK,4,92,415000,59,7
BEDOK,4,92,558000,87,7
BEDOK,4,98,410000,59,1
BEDOK,4,91,385000,59,4
BEDOK,4,92,388000,60,7
BEDOK,4,91,410000,62,7
BEDOK,4,84,355000,68,10
BEDOK,4,98,420000,62,4
BEDOK,4,103,400000,68,1
BEDOK,4,84,379000,67,7
BEDOK,4,104,435000,66,7
BEDOK,4,105,485000,82,4
BEDOK,4,90,375000,58,13
BEDOK,4,90,492000,82,7
BEDOK,4,105,468000,65,10
BEDOK,4,92,400000,66,4
BEDOK,4,106,525000,77,13
BEDOK,4,92,475000,59,16
BEDOK,4,105,468000,65,10
BEDOK,5,112,820000,91,4
BEDOK,5,123,628000,59,13
BEDOK,5,119,608000,59,19
BEDOK,5,123,444000,60,4
BEDOK,5,110,733000,87,10
BEDOK,5,117,570000,59,19
BEDOK,5,121,475000,66,13
BEDOK,5,140,698000,65,10
BEDOK,5,126,430000,63,4
BEDOK,5,121,500000,61,1
BEDOK,5,121,460000,64,4
BEDOK,5,115,580000,82,7
BEDOK,5,133,645000,74,13
BEDOK,5,124,750000,77,7
BEDOK,5,114,615800,56,13
BEDOK,5,114,620000,56,13
BEDOK,5,120,638000,82,7
BEDOK,5,132,510000,64,4
BEDOK,5,125,582000,77,4
BEDOK,6,141,650000,74,1
BEDOK,6,148,745000,65,10
BEDOK,6,143,680000,75,1
BEDOK,6,143,620000,68,7
BEDOK,6,165,808080,74,4
BEDOK,6,143,703000,78,7
BEDOK,6,146,702000,77,10
BEDOK,2,45,245000,67,4
BEDOK,3,67,240000,60,4
BEDOK,3,59,245000,59,10
BEDOK,3,64,262500,67,1
BEDOK,3,67,265000,58,7
BEDOK,3,59,265000,57,4
BEDOK,3,65,275000,58,1
BEDOK,3,68,280000,60,4
BEDOK,3,65,285000,57,1
BEDOK,3,65,290000,57,7
BEDOK,3,68,293000,61,7
BEDOK,3,68,295000,62,7
BEDOK,3,75,300000,65,10
BEDOK,3,67,303000,66,7
BEDOK,3,67,305000,63,4
BEDOK,3,68,305000,61,4
BEDOK,3,76,310000,65,7
BEDOK,3,82,318000,59,1
BEDOK,3,68,330000,61,10
BEDOK,3,88,357000,59,4
BEDOK,3,68,360000,61,4
BEDOK,3,68,372000,60,4
BEDOK,3,88,375000,59,10
BEDOK,3,88,440000,59,10
BEDOK,4,91,355000,62,4
BEDOK,4,84,360000,69,4
BEDOK,4,84,370000,67,7
BEDOK,4,89,375000,59,7
BEDOK,4,84,398000,68,10
BEDOK,4,92,400000,60,1
BEDOK,4,98,402000,62,4
BEDOK,4,103,411000,68,1
BEDOK,4,92,413000,60,13
BEDOK,4,92,420000,61,4
BEDOK,4,103,420000,68,10
BEDOK,4,92,430000,59,7
BEDOK,4,92,450000,61,10
BEDOK,4,104,450000,65,10
BEDOK,4,92,465000,60,10
BEDOK,4,92,475000,61,7
BEDOK,4,92,478000,60,4
BEDOK,4,105,497000,81,4
BEDOK,4,92,619000,86,13
BEDOK,4,97,690000,91,1
BEDOK,5,117,535000,59,4
BEDOK,5,126,550008,77,1
BEDOK,5,119,565000,60,7
BEDOK,5,127,613000,74,7
BEDOK,5,117,615000,57,7
BEDOK,5,122,630000,74,7
BEDOK,5,118,650000,61,19
BEDOK,5,115,660000,58,22
BEDOK,5,117,719888,57,16
BEDOK,6,150,600000,66,4
BEDOK,6,143,625000,68,10
BEDOK,6,143,630000,74,1
BEDOK,6,143,655000,68,10
BEDOK,6,143,740000,74,10
BEDOK,6,143,770000,77,4
BEDOK,2,45,230000,66,7
BEDOK,3,59,255000,59,10
BEDOK,3,60,259000,67,4
BEDOK,3,67,275000,59,4
BEDOK,3,67,275000,62,1
BEDOK,3,67,280000,58,10
BEDOK,3,68,280000,60,13
BEDOK,3,65,280000,58,1
BEDOK,3,67,285000,66,7
BEDOK,3,60,285000,67,4
BEDOK,3,67,288000,58,1
BEDOK,3,67,290000,59,7
BEDOK,3,68,290000,60,13
BEDOK,3,67,295000,60,4
BEDOK,3,68,296000,62,7
BEDOK,3,68,298000,62,10
BEDOK,3,67,300000,59,7
BEDOK,3,73,300000,59,4
BEDOK,3,73,302000,59,1
BEDOK,3,67,308000,60,13
BEDOK,3,68,308000,60,10
BEDOK,3,83,315000,63,1
BEDOK,3,68,318000,61,1
BEDOK,3,67,320000,59,13
BEDOK,3,68,325000,60,1
BEDOK,3,82,350000,60,13
BEDOK,3,88,360000,59,1
BEDOK,3,82,372000,60,4
BEDOK,3,82,385000,58,7
BEDOK,3,62,412000,91,4
BEDOK,4,84,325000,58,7
BEDOK,4,92,360000,60,7
BEDOK,4,84,365000,58,13
BEDOK,4,84,375000,68,13
BEDOK,4,92,380000,60,4
BEDOK,4,93,390000,66,7
BEDOK,4,84,390000,68,4
BEDOK,4,96,400000,66,1
BEDOK,4,84,410000,67,7
BEDOK,4,92,432000,59,13
BEDOK,4,91,435000,59,13
BEDOK,4,103,440000,64,10
BEDOK,4,104,455000,65,7
BEDOK,4,108,455000,77,1
BEDOK,4,104,495000,74,1
BEDOK,4,105,510000,81,10
BEDOK,4,105,530000,81,7
BEDOK,4,105,535000,81,19
BEDOK,4,92,585000,86,13
BEDOK,5,121,460000,62,1
BEDOK,5,121,482000,62,7
BEDOK,5,126,515000,79,13
BEDOK,5,125,530000,77,1
BEDOK,5,117,555000,60,7
BEDOK,5,114,570000,55,13
BEDOK,5,125,570000,77,4
BEDOK,5,118,575000,61,4
BEDOK,5,125,575000,77,4
BEDOK,5,139,655000,65,4
BEDOK,5,110,700000,86,4
BEDOK,5,124,745000,74,22
BEDOK,5,130,800000,70,4
BEDOK,5,112,845000,91,10
BEDOK,6,143,615000,67,4
BEDOK,6,150,645000,68,4
BEDOK,6,149,680000,65,10
BEDOK,6,143,730000,77,10
BEDOK,6,142,739000,74,7
BEDOK,6,154,928000,70,4
BEDOK,2,45,215000,59,10
BEDOK,2,45,215000,66,7
BEDOK,2,44,218000,59,10
BEDOK,2,45,235000,66,1
BEDOK,2,45,250000,67,1
BEDOK,3,65,251000,53,1
BEDOK,3,67,270000,60,1
BEDOK,3,68,270000,60,10
BEDOK,3,68,280000,61,10
BEDOK,3,67,280000,60,10
BEDOK,3,67,280000,59,1
BEDOK,3,67,280000,63,4
BEDOK,3,67,283000,66,13
BEDOK,3,60,285000,66,7
BEDOK,3,68,288000,60,10
BEDOK,3,67,290000,63,4
BEDOK,3,67,292000,59,4
BEDOK,3,67,293000,60,7
BEDOK,3,65,293000,63,7
BEDOK,3,67,295000,67,10
BEDOK,3,68,298000,60,7
BEDOK,3,65,302000,58,4
BEDOK,3,67,303000,66,7
BEDOK,3,68,305000,63,4
BEDOK,3,68,310000,63,4
BEDOK,3,67,310000,60,10
BEDOK,3,67,330000,59,1
BEDOK,3,67,330000,59,10
BEDOK,3,88,330000,59,1
BEDOK,3,68,345000,61,1
BEDOK,3,68,358000,61,7
BEDOK,3,82,358000,59,10
BEDOK,3,68,370000,59,7
BEDOK,3,82,373000,61,7
BEDOK,3,73,380000,58,10
BEDOK,3,83,383000,60,4
BEDOK,3,82,385000,61,4
BEDOK,3,88,400000,58,7
BEDOK,3,62,446000,91,7
BEDOK,4,82,300000,56,1
BEDOK,4,92,340088,59,1
BEDOK,4,82,370000,56,4
BEDOK,4,96,375000,66,1
BEDOK,4,93,380000,66,1
BEDOK,4,91,380000,66,1
BEDOK,4,84,380000,67,4
BEDOK,4,91,383000,59,1
BEDOK,4,91,383000,66,1
BEDOK,4,92,385888,60,13
BEDOK,4,92,390000,59,10
BEDOK,4,98,395000,66,1
BEDOK,4,83,395000,66,13
BEDOK,4,91,398000,61,4
BEDOK,4,92,405000,61,13
BEDOK,4,92,405000,60,1
BEDOK,4,92,425000,59,7
BEDOK,4,92,425000,59,7
BEDOK,4,91,430000,61,10
BEDOK,4,94,442000,62,13
BEDOK,4,91,449000,59,7
BEDOK,4,92,455000,61,7
BEDOK,4,90,478000,81,4
BEDOK,4,92,480000,59,16
BEDOK,4,92,540000,86,4
BEDOK,4,105,553888,81,16
BEDOK,4,104,645000,70,7
BEDOK,4,87,728000,91,13
BEDOK,5,121,430000,62,1
BEDOK,5,126,470000,63,7
BEDOK,5,123,490000,59,1
BEDOK,5,117,492888,59,1
BEDOK,5,121,495000,62,7
BEDOK,5,123,518000,78,4
BEDOK,5,121,545000,61,10
BEDOK,5,117,549000,59,10
BEDOK,5,132,555000,64,13
BEDOK,5,121,565000,74,4
BEDOK,5,128,589000,77,10
BEDOK,5,115,590000,81,10
BEDOK,5,118,620000,58,4
BEDOK,5,117,650000,56,19
BEDOK,5,119,660000,59,7
BEDOK,5,119,660000,60,16
BEDOK,5,115,660000,81,16
BEDOK,5,117,670000,55,25
BEDOK,5,119,705000,56,19
BEDOK,5,112,855000,91,10
BEDOK,6,143,685000,74,4
BEDOK,6,146,730000,77,4
BEDOK,6,145,760000,77,10
BEDOK,6,143,770000,74,7
BEDOK,6,147,835000,65,10
BEDOK,6,146,850000,70,4
BEDOK,2,45,200000,59,13
BEDOK,2,45,235000,67,10
BEDOK,2,45,240000,66,4
BEDOK,3,67,230000,60,1
BEDOK,3,59,230000,58,1
BEDOK,3,59,230000,59,4
BEDOK,3,59,234000,59,4
BEDOK,3,59,240000,58,4
BEDOK,3,65,250000,58,1
BEDOK,3,67,255000,59,4
BEDOK,3,67,258000,60,1
BEDOK,3,59,260000,59,10
BEDOK,3,67,265000,60,7
BEDOK,3,67,265000,58,1
BEDOK,3,67,267000,58,1
BEDOK,3,67,268000,58,7
BEDOK,3,68,275000,60,4
BEDOK,3,65,275000,53,7
BEDOK,3,67,275000,66,4
BEDOK,3,67,278000,59,1
BEDOK,3,67,280000,60,1
BEDOK,3,59,280000,59,10
BEDOK,3,67,280000,60,4
BEDOK,3,65,280000,54,10
BEDOK,3,75,282000,65,4
BEDOK,3,67,285000,59,4
BEDOK,3,64,285000,67,1
BEDOK,3,68,285000,61,4
BEDOK,3,67,287000,66,7
BEDOK,3,67,288000,60,1
BEDOK,3,69,290000,67,4
BEDOK,3,67,290000,66,10
BEDOK,3,67,290000,66,4
BEDOK,3,68,290000,62,7
BEDOK,3,67,295000,59,10
BEDOK,3,70,295000,66,4
BEDOK,3,68,295000,62,4
BEDOK,3,68,297000,62,4
BEDOK,3,60,298888,66,13
BEDOK,3,68,299000,62,10
BEDOK,3,68,300000,62,4
BEDOK,3,67,305000,58,10
BEDOK,3,65,308000,58,13
BEDOK,3,67,310000,60,10
BEDOK,3,67,318000,59,7
BEDOK,3,73,322000,59,4
BEDOK,3,84,327000,63,1
BEDOK,3,82,328000,58,1
BEDOK,3,67,335000,60,4
BEDOK,3,82,338000,60,7
BEDOK,3,73,340000,60,1
BEDOK,3,82,350000,61,1
BEDOK,3,68,355000,60,4
BEDOK,3,82,370000,66,7
BEDOK,4,92,325000,60,1
BEDOK,4,91,355000,58,1
BEDOK,4,92,360000,60,7
BEDOK,4,93,365000,66,1
BEDOK,4,94,365000,62,4
BEDOK,4,84,368000,58,4
BEDOK,4,91,370000,63,10
BEDOK,4,84,370000,67,7
BEDOK,4,84,372888,58,4
BEDOK,4,92,377000,60,1
BEDOK,4,83,377000,65,4
BEDOK,4,91,380000,59,4
BEDOK,4,91,385000,66,1
BEDOK,4,84,388000,58,10
BEDOK,4,84,390000,58,10
BEDOK,4,91,398000,61,1
BEDOK,4,92,403000,60,7
BEDOK,4,92,415000,61,1
BEDOK,4,92,415000,60,10
BEDOK,4,92,415000,60,13
BEDOK,4,95,415000,62,13
BEDOK,4,92,425000,61,10
BEDOK,4,104,425000,68,1
BEDOK,4,83,425000,65,7
BEDOK,4,89,425000,67,1
BEDOK,4,107,465000,77,4
BEDOK,4,103,475000,65,10
BEDOK,4,105,520000,81,4
BEDOK,4,105,521888,81,7
BEDOK,4,105,532000,81,10
BEDOK,4,87,635000,91,7
BEDOK,4,94,670000,91,1
BEDOK,5,121,475000,63,4
BEDOK,5,122,485000,67,7
BEDOK,5,121,490000,61,7
BEDOK,5,123,513888,58,1
BEDOK,5,117,518000,59,7
BEDOK,5,122,530000,66,1
BEDOK,5,115,588000,81,10
BEDOK,5,123,605000,58,4
BEDOK,5,119,620000,59,7
BEDOK,5,124,620000,73,10
BEDOK,5,117,650000,81,16
BEDOK,5,130,798000,70,4
BEDOK,6,143,570000,67,1
BEDOK,6,143,631500,67,4
BEDOK,6,144,680000,74,4
BEDOK,6,146,730000,74,7
BEDOK,6,145,865000,76,19
BEDOK,3,76,280000,65,1
BEDOK,2,45,200000,59,4
BEDOK,2,45,235000,66,1
BEDOK,3,59,225000,59,4
BEDOK,3,59,230000,58,4
BEDOK,3,67,255000,58,4
BEDOK,3,68,260000,60,16
BEDOK,3,67,260000,63,1
BEDOK,3,67,265000,60,10
BEDOK,3,67,270000,59,1
BEDOK,3,68,275000,61,1
BEDOK,3,68,280000,61,4
BEDOK,3,67,280000,58,7
BEDOK,3,64,280000,69,4
BEDOK,3,67,285000,66,4
BEDOK,3,65,285000,56,4
BEDOK,3,65,288000,56,4
BEDOK,3,65,288000,58,13
BEDOK,3,68,290000,61,4
BEDOK,3,67,290000,58,10
BEDOK,3,59,293000,56,7
BEDOK,3,67,295000,60,4
BEDOK,3,68,298000,61,4
BEDOK,3,65,300000,58,10
BEDOK,3,67,305000,59,4
BEDOK,3,73,305000,59,10
BEDOK,3,60,310000,66,10
BEDOK,3,64,310000,69,7
BEDOK,3,82,315000,60,10
BEDOK,3,68,315000,61,10
BEDOK,3,82,320000,66,4
BEDOK,3,83,330000,63,1
BEDOK,3,68,330000,61,10
BEDOK,3,82,333000,61,4
BEDOK,3,82,340000,60,10
BEDOK,3,68,345000,59,10
BEDOK,3,82,350000,66,1
BEDOK,3,82,359000,62,13
BEDOK,3,82,378000,62,13
BEDOK,4,84,355000,58,10
BEDOK,4,98,372000,62,4
BEDOK,4,84,380000,66,4
BEDOK,4,83,385000,65,7
BEDOK,4,84,390000,67,10
BEDOK,4,84,400000,58,13
BEDOK,4,91,405000,59,10
BEDOK,4,91,408000,58,10
BEDOK,4,83,408000,65,10
BEDOK,4,100,410000,62,1
BEDOK,4,109,420000,77,1
BEDOK,4,92,440000,58,10
BEDOK,4,107,480000,77,7
BEDOK,4,85,565000,86,16
BEDOK,4,87,630000,91,1
BEDOK,4,97,680000,91,1
BEDOK,4,87,716888,91,10
BEDOK,4,97,728000,91,16
BEDOK,5,121,415000,63,7
BEDOK,5,126,478000,63,4
BEDOK,5,117,480000,59,7
BEDOK,5,119,510000,59,1
BEDOK,5,123,518000,58,13
BEDOK,5,125,520000,59,13
BEDOK,5,118,520000,58,16
BEDOK,5,136,560000,61,1
BEDOK,5,123,585000,59,10
BEDOK,5,117,620000,56,1
BEDOK,5,115,620000,81,7
BEDOK,5,115,630000,81,16
BEDOK,5,114,630000,56,13
BEDOK,5,120,630000,81,4
BEDOK,5,118,670000,61,13
BEDOK,5,115,672000,58,16
BEDOK,5,131,725000,76,10
BEDOK,5,131,750000,76,7
BEDOK,5,125,780000,69,10
BEDOK,5,130,872000,69,10
BEDOK,5,112,875000,91,16
BEDOK,6,150,550000,66,1
BEDOK,6,149,601000,65,4
BEDOK,6,147,647000,64,4
BEDOK,6,151,660000,67,10
BEDOK,6,143,685000,74,4
BEDOK,6,146,718000,66,10
BEDOK,6,143,720000,74,7
BEDOK,6,162,720000,58,4
BEDOK,6,143,740000,74,13
BEDOK,6,142,780000,65,7
BEDOK,6,152,808000,67,10
BEDOK,2,44,210000,59,7
BEDOK,2,45,240000,66,1
BEDOK,3,65,245000,53,4
BEDOK,3,59,248000,58,4
BEDOK,3,68,255000,61,1
BEDOK,3,59,258000,56,7
BEDOK,3,59,260000,58,13
BEDOK,3,68,260000,60,7
BEDOK,3,61,264000,67,1
BEDOK,3,65,268000,54,7
BEDOK,3,68,270000,61,1
BEDOK,3,67,270000,59,10
BEDOK,3,64,270000,67,1
BEDOK,3,65,270000,54,4
BEDOK,3,75,270000,53,1
BEDOK,3,60,272000,67,1
BEDOK,3,68,272000,62,1
BEDOK,3,68,275000,60,7
BEDOK,3,68,275000,61,1
BEDOK,3,68,275000,61,7
BEDOK,3,67,277000,59,7
BEDOK,3,67,280000,60,13
BEDOK,3,73,280000,59,1
BEDOK,3,67,280000,59,13
BEDOK,3,65,280500,58,1
BEDOK,3,67,282000,66,4
BEDOK,3,67,283000,59,10
BEDOK,3,63,283000,69,4
BEDOK,3,67,285000,67,4
BEDOK,3,67,286000,63,4
BEDOK,3,68,290000,60,7
BEDOK,3,67,290000,58,13
BEDOK,3,67,295000,58,10
BEDOK,3,65,295000,63,7
BEDOK,3,67,310000,59,4
BEDOK,3,65,315000,63,7
BEDOK,3,68,316500,61,7
BEDOK,3,67,318000,59,10
BEDOK,3,68,323000,60,4
BEDOK,3,70,325000,58,7
BEDOK,3,82,330000,59,4
BEDOK,3,73,330000,57,1
BEDOK,3,73,335000,59,13
BEDOK,3,82,362500,60,7
BEDOK,3,88,380000,58,1
BEDOK,3,62,432000,91,4
BEDOK,3,69,435000,90,7
BEDOK,3,69,490000,90,10
BEDOK,4,84,330000,58,13
BEDOK,4,91,340000,61,1
BEDOK,4,82,350000,55,1
BEDOK,4,84,350000,58,4
BEDOK,4,88,360000,56,4
BEDOK,4,84,368000,67,4
BEDOK,4,88,370000,56,13
BEDOK,4,84,370000,58,10
BEDOK,4,97,373000,66,1
BEDOK,4,104,385000,67,1
BEDOK,4,92,390000,59,10
BEDOK,4,92,400000,59,7
BEDOK,4,92,400000,61,10
BEDOK,4,91,408000,59,7
BEDOK,4,93,410000,66,4
BEDOK,4,91,418000,61,4
BEDOK,4,103,423000,67,10
BEDOK,4,103,423000,67,4
BEDOK,4,92,428000,58,1
BEDOK,4,103,428000,61,4
BEDOK,4,91,443500,61,7
BEDOK,4,92,445000,59,4
BEDOK,4,106,500000,77,7
BEDOK,4,90,508000,81,13
BEDOK,4,92,595000,86,10
BEDOK,4,97,625000,91,13
BEDOK,4,92,630000,86,16
BEDOK,4,104,665000,69,10
BEDOK,5,112,460000,81,1
BEDOK,5,117,500000,59,13
BEDOK,5,133,502000,64,1
BEDOK,5,117,508000,59,13
BEDOK,5,121,520000,61,7
BEDOK,5,122,520000,66,1
BEDOK,5,121,520000,62,13
BEDOK,5,121,535000,61,4
BEDOK,5,117,538000,58,7
BEDOK,5,128,555000,77,1
BEDOK,5,132,578000,74,1
BEDOK,5,122,600000,66,10
BEDOK,5,119,628888,59,4
BEDOK,5,123,638000,58,19
BEDOK,5,110,728000,86,10
BEDOK,5,121,780000,69,7
BEDOK,6,141,765000,73,7
BEDOK,2,45,220000,60,7
BEDOK,2,45,240000,66,4
BEDOK,3,59,230000,58,13
BEDOK,3,59,234000,58,4
BEDOK,3,59,248000,58,4
BEDOK,3,59,255000,58,1
BEDOK,3,67,260000,58,1
BEDOK,3,67,262000,60,4
BEDOK,3,63,264000,69,7
BEDOK,3,65,265000,53,1
BEDOK,3,67,270000,58,10
BEDOK,3,68,270000,60,4
BEDOK,3,70,270000,65,1
BEDOK,3,60,270000,66,7
BEDOK,3,67,271000,58,4
BEDOK,3,67,275000,60,7
BEDOK,3,67,275000,60,4
BEDOK,3,67,275000,66,1
BEDOK,3,61,275000,67,4
BEDOK,3,67,278000,58,7
BEDOK,3,68,280000,60,4
BEDOK,3,64,280000,68,4
BEDOK,3,59,280000,56,10
BEDOK,3,65,280000,54,7
BEDOK,3,65,280000,53,1
BEDOK,3,67,282000,63,1
BEDOK,3,70,283000,58,10
BEDOK,3,60,285000,66,4
BEDOK,3,68,289000,60,10
BEDOK,3,67,290000,59,4
BEDOK,3,68,290000,60,13
BEDOK,3,73,290000,54,13
BEDOK,3,60,290000,66,4
BEDOK,3,68,291800,62,4
BEDOK,3,67,293000,60,4
BEDOK,3,68,293000,59,4
BEDOK,3,67,295000,67,4
BEDOK,3,68,298000,62,4
BEDOK,3,68,298000,62,7
BEDOK,3,67,300000,58,16
BEDOK,3,67,300000,66,7
BEDOK,3,67,302000,66,13
BEDOK,3,67,303000,65,4
BEDOK,3,82,308000,62,7
BEDOK,3,82,310000,59,1
BEDOK,3,65,310000,56,13
BEDOK,3,73,315000,56,13
BEDOK,3,67,320000,58,13
BEDOK,3,68,320000,60,1
BEDOK,3,68,328000,60,4
BEDOK,3,82,343000,59,10
BEDOK,3,67,345000,60,7
BEDOK,3,81,356000,58,7
BEDOK,3,68,358000,60,10
BEDOK,4,90,312000,58,1
BEDOK,4,84,334000,58,7
BEDOK,4,84,338000,58,10
BEDOK,4,84,350000,67,1
BEDOK,4,98,360000,66,4
BEDOK,4,84,360000,67,10
BEDOK,4,91,360000,63,4
BEDOK,4,91,361000,63,4
BEDOK,4,93,368000,61,4
BEDOK,4,91,368000,66,7
BEDOK,4,92,370000,59,10
BEDOK,4,92,375000,61,1
BEDOK,4,84,376500,67,10
BEDOK,4,98,377000,58,4
BEDOK,4,92,380000,58,1
BEDOK,4,88,380000,68,1
BEDOK,4,84,388888,58,10
BEDOK,4,92,395000,60,10
BEDOK,4,82,400000,55,16
BEDOK,4,108,400000,77,1
BEDOK,4,90,402000,68,7
BEDOK,4,104,405000,67,4
BEDOK,4,91,405000,63,4
BEDOK,4,92,405000,60,1
BEDOK,4,93,406888,62,7
BEDOK,4,92,408000,58,7
BEDOK,4,91,415000,58,7
BEDOK,4,103,416000,67,7
BEDOK,4,92,420000,60,7
BEDOK,4,91,430000,58,16
BEDOK,4,92,438000,59,7
BEDOK,4,92,439888,59,4
BEDOK,4,105,445000,77,1
BEDOK,4,92,445000,58,13
BEDOK,4,92,447000,58,7
BEDOK,4,89,448000,59,10
BEDOK,4,92,450000,59,7
BEDOK,4,92,455000,58,10
BEDOK,4,108,468000,77,4
BEDOK,4,100,490000,81,13
BEDOK,4,105,515000,81,7
BEDOK,4,105,535000,81,4
BEDOK,4,104,548000,81,10
BEDOK,4,92,559000,86,4
BEDOK,4,85,570000,86,13
BEDOK,4,85,585000,86,13
BEDOK,4,92,600000,86,13
BEDOK,4,92,620000,86,10
BEDOK,4,104,620000,69,1
BEDOK,4,92,625000,86,10
BEDOK,4,104,648000,70,7
BEDOK,5,122,435000,67,1
BEDOK,5,121,438000,73,4
BEDOK,5,123,470000,59,7
BEDOK,5,121,480000,62,7
BEDOK,5,117,485000,58,4
BEDOK,5,122,486000,67,7
BEDOK,5,123,502000,59,7
BEDOK,5,120,513000,58,1
BEDOK,5,115,520000,81,1
BEDOK,5,121,523000,60,7
BEDOK,5,123,555000,73,7
BEDOK,5,125,570000,58,4
BEDOK,5,115,580000,81,7
BEDOK,5,117,580000,56,7
BEDOK,5,132,600000,77,1
BEDOK,5,123,608000,73,10
BEDOK,5,122,620000,76,4
BEDOK,5,125,620000,58,10
BEDOK,5,127,622500,77,10
BEDOK,5,117,628000,81,10
BEDOK,5,133,655000,73,10
BEDOK,5,121,660000,79,10
BEDOK,6,150,618000,66,10
BEDOK,6,148,650000,66,7
BEDOK,6,144,715000,74,1
BEDOK,6,144,728000,73,10
BEDOK,6,143,830000,73,10
BEDOK,6,146,855000,69,7
BEDOK,2,44,210000,58,1
BEDOK,2,44,200000,58,4
BEDOK,3,82,360000,59,7
BEDOK,3,68,315000,60,10
BEDOK,3,67,285000,60,1
BEDOK,3,67,260000,57,4
BEDOK,3,68,330000,60,1
BEDOK,3,68,290000,60,1
BEDOK,3,82,370000,60,1
BEDOK,3,82,435888,59,4
BEDOK,3,68,355000,60,4
BEDOK,3,68,330000,59,7
BEDOK,3,67,330000,60,7
BEDOK,3,67,275000,58,4
BEDOK,3,59,230000,58,1
BEDOK,3,59,242000,58,4
BEDOK,3,68,295000,60,10
BEDOK,3,82,345000,60,13
BEDOK,3,82,320000,59,4
BEDOK,3,67,257000,60,13
BEDOK,3,68,265000,60,13
BEDOK,3,67,271000,59,4
BEDOK,3,68,290000,60,13
BEDOK,3,82,346000,60,10
BEDOK,3,67,270000,58,4
BEDOK,3,67,313000,63,7
BEDOK,3,68,278888,61,1
BEDOK,3,71,305000,63,1
BEDOK,3,67,270000,65,1
BEDOK,3,64,290000,67,1
BEDOK,3,67,257000,62,1
BEDOK,3,67,315000,62,10
BEDOK,3,68,320000,62,10
BEDOK,3,59,230000,56,1
BEDOK,3,65,284000,56,4
BEDOK,3,59,282000,56,10
BEDOK,3,65,312000,56,10
BEDOK,3,59,260000,56,10
BEDOK,3,65,290000,56,13
BEDOK,3,67,306000,59,13
BEDOK,3,82,365000,58,7
BEDOK,3,65,265000,54,7
BEDOK,3,65,250000,54,1
BEDOK,3,74,290000,64,10
BEDOK,3,75,305000,63,4
BEDOK,3,65,260000,52,7
BEDOK,3,75,298000,64,4
BEDOK,3,67,295000,65,7
BEDOK,3,68,308000,60,10
BEDOK,3,68,320000,60,4
BEDOK,3,65,300000,63,7
BEDOK,4,87,617000,90,1
BEDOK,4,92,380000,59,10
BEDOK,4,92,405000,60,4
BEDOK,4,92,420000,60,1
BEDOK,4,91,415000,61,7
BEDOK,4,89,380000,58,10
BEDOK,4,92,350000,58,4
BEDOK,4,91,360000,57,7
BEDOK,4,92,615000,86,16
BEDOK,4,92,440000,58,7
BEDOK,4,92,390000,60,10
BEDOK,4,92,395000,60,7
BEDOK,4,84,335000,67,1
BEDOK,4,84,375000,67,1
BEDOK,4,84,368000,67,7
BEDOK,4,91,358000,66,10
BEDOK,4,93,360000,65,1
BEDOK,4,91,412000,66,10
BEDOK,4,105,514000,81,4
BEDOK,4,105,500000,81,4
BEDOK,4,84,360000,58,10
BEDOK,4,82,368800,56,4
BEDOK,4,90,343000,58,13
BEDOK,4,83,426000,65,7
BEDOK,4,84,360000,58,7
BEDOK,4,84,315000,58,1
BEDOK,4,92,400000,65,1
BEDOK,4,106,528000,77,7
BEDOK,5,121,486000,60,1
BEDOK,5,119,618000,59,22
BEDOK,5,124,518000,73,1
BEDOK,5,123,560000,58,13
BEDOK,5,121,405888,61,1
BEDOK,5,121,533533,63,10
BEDOK,5,121,428000,62,4
BEDOK,5,140,635000,64,4
BEDOK,5,123,420000,65,4
BEDOK,5,121,418000,62,4
BEDOK,5,115,592000,81,7
BEDOK,5,112,585000,81,1
BEDOK,5,115,600000,81,13
BEDOK,5,118,520000,58,7
BEDOK,5,122,635000,66,10
BEDOK,5,122,520000,66,4
BEDOK,5,117,580000,55,10
BEDOK,5,122,593888,73,1
BEDOK,5,133,585000,77,7
BEDOK,5,115,600000,57,7
BEDOK,5,118,525000,57,13
BEDOK,6,150,520000,66,1
BEDOK,6,147,685000,64,1
BEDOK,6,148,565000,66,1
BEDOK,6,151,720000,65,10
BEDOK,6,143,750000,76,19
BEDOK,6,154,913000,69,1
BEDOK,2,45,225000,66,1
BEDOK,3,67,299000,59,7
BEDOK,3,67,275000,59,1
BEDOK,3,67,280000,59,7
BEDOK,3,67,295000,59,4
BEDOK,3,67,290000,59,7
BEDOK,3,59,240000,58,10
BEDOK,3,59,255000,58,13
BEDOK,3,73,303000,58,7
BEDOK,3,73,358000,59,4
BEDOK,3,68,342000,59,4
BEDOK,3,67,275000,58,4
BEDOK,3,60,286700,66,7
BEDOK,3,68,283300,60,1
BEDOK,3,67,276000,59,13
BEDOK,3,59,230000,58,7
BEDOK,3,59,230000,58,1
BEDOK,3,59,245000,58,13
BEDOK,3,68,275000,59,7
BEDOK,3,68,288000,59,10
BEDOK,3,68,270000,60,1
BEDOK,3,69,278000,66,4
BEDOK,3,59,238000,58,7
BEDOK,3,68,295000,61,1
BEDOK,3,69,345000,66,7
BEDOK,3,68,300000,61,4
BEDOK,3,67,277000,65,4
BEDOK,3,67,270000,65,4
BEDOK,3,70,318000,65,10
BEDOK,3,63,296000,69,7
BEDOK,3,67,270000,63,1
BEDOK,3,68,305000,61,10
BEDOK,3,68,310000,61,10
BEDOK,3,64,290000,68,4
BEDOK,3,68,290000,61,1
BEDOK,3,67,286000,65,7
BEDOK,3,81,300000,62,1
BEDOK,3,59,255000,56,10
BEDOK,3,65,280000,56,1
BEDOK,3,67,318000,59,13
BEDOK,3,67,310000,58,10
BEDOK,3,82,365000,59,7
BEDOK,3,75,280000,63,1
BEDOK,3,79,305000,64,1
BEDOK,3,65,250000,52,10
BEDOK,3,68,285000,60,4
BEDOK,3,68,290000,61,4
BEDOK,3,65,292000,57,7
BEDOK,3,60,285000,66,1
BEDOK,3,68,378000,59,4
BEDOK,4,92,430000,60,1
BEDOK,4,92,448888,60,7
BEDOK,4,92,370000,59,7
BEDOK,4,92,420000,60,7
BEDOK,4,91,357000,58,10
BEDOK,4,92,420000,59,4
BEDOK,4,92,580000,86,1
BEDOK,4,83,365000,58,1
BEDOK,4,95,340000,60,4
BEDOK,4,92,405000,60,13
BEDOK,4,91,383000,62,7
BEDOK,4,93,390000,66,4
BEDOK,4,98,380000,65,1
BEDOK,4,103,432000,67,10
BEDOK,4,84,381000,68,4
BEDOK,4,84,360000,67,7
BEDOK,4,105,522000,81,7
BEDOK,4,105,560000,81,13
BEDOK,4,105,535000,81,4
BEDOK,4,105,540000,81,10
BEDOK,4,105,480000,81,1
BEDOK,4,104,518000,81,1
BEDOK,4,84,300000,58,7
BEDOK,4,82,362000,56,10
BEDOK,4,90,353000,58,13
BEDOK,4,84,302888,58,1
BEDOK,4,84,373000,58,13
BEDOK,4,91,340000,63,4
BEDOK,4,91,400000,63,10
BEDOK,4,108,500000,77,10
BEDOK,5,127,603000,73,10
BEDOK,5,132,630000,73,7
BEDOK,5,123,520000,59,22
BEDOK,5,121,540000,61,7
BEDOK,5,123,455000,65,13
BEDOK,5,121,488000,62,10
BEDOK,5,137,643000,64,1
BEDOK,5,121,590000,61,7
BEDOK,5,139,685000,64,10
BEDOK,5,115,578000,81,4
BEDOK,5,115,600000,81,16
BEDOK,5,115,518000,58,1
BEDOK,5,118,600000,58,19
BEDOK,5,117,550000,56,7
BEDOK,5,121,480000,61,7
BEDOK,5,124,585000,73,10
BEDOK,5,127,580000,77,4
BEDOK,5,121,650000,73,16
BEDOK,5,130,678000,57,10
BEDOK,6,151,700000,67,4
BEDOK,6,150,875000,69,1
BEDOK,2,45,208000,58,7
BEDOK,3,67,308000,59,7
BEDOK,3,67,272000,59,7
BEDOK,3,68,270000,60,1
BEDOK,3,82,310000,59,10
BEDOK,3,68,310000,60,1
BEDOK,3,68,340000,60,4
BEDOK,3,81,328000,57,7
BEDOK,3,67,255000,57,10
BEDOK,3,67,330000,59,7
BEDOK,3,67,310000,58,10
BEDOK,3,82,310000,57,1
BEDOK,3,73,290000,58,10
BEDOK,3,82,350000,57,7
BEDOK,3,73,308000,58,1
BEDOK,3,67,300000,59,1
BEDOK,3,68,370000,60,4
BEDOK,3,67,300000,58,10
BEDOK,3,68,250000,59,13
BEDOK,3,59,255000,58,10
BEDOK,3,68,290000,60,7
BEDOK,3,59,270000,58,10
BEDOK,3,68,265000,60,4
BEDOK,3,68,270000,59,4
BEDOK,3,68,268000,60,4
BEDOK,3,68,290000,60,10
BEDOK,3,82,368000,61,7
BEDOK,3,61,270000,66,4
BEDOK,3,68,300000,62,4
BEDOK,3,67,278000,62,7
BEDOK,3,67,290000,63,1
BEDOK,3,68,310000,61,7
BEDOK,3,68,312000,61,7
BEDOK,3,67,280000,62,7
BEDOK,3,67,308000,63,7
BEDOK,3,68,300000,62,10
BEDOK,3,88,350000,57,4
BEDOK,3,65,280000,54,10
BEDOK,3,75,310000,64,1
BEDOK,3,65,250000,52,1
BEDOK,3,67,306000,65,10
BEDOK,3,82,360000,61,16
BEDOK,3,65,273000,63,4
BEDOK,3,65,280000,62,10
BEDOK,3,65,293000,62,4
BEDOK,4,97,705000,90,10
BEDOK,4,94,695000,90,13
BEDOK,4,92,412000,60,1
BEDOK,4,92,403000,60,7
BEDOK,4,92,385000,59,7
BEDOK,4,91,388000,58,7
BEDOK,4,91,382800,57,4
BEDOK,4,92,612800,86,7
BEDOK,4,98,389800,58,4
BEDOK,4,92,670000,86,19
BEDOK,4,92,617000,86,13
BEDOK,4,92,350000,58,7
BEDOK,4,91,400000,58,10
BEDOK,4,92,395000,58,10
BEDOK,4,95,415000,60,10
BEDOK,4,93,380000,60,4
BEDOK,4,89,350000,58,4
BEDOK,4,92,410000,62,4
BEDOK,4,84,360000,68,4
BEDOK,4,91,383000,61,1
BEDOK,4,93,407000,65,10
BEDOK,4,91,388000,61,4
BEDOK,4,84,365000,67,10
BEDOK,4,104,420000,67,1
BEDOK,4,91,368000,65,1
BEDOK,4,105,452000,64,4
BEDOK,4,105,550000,81,10
BEDOK,4,90,327500,57,4
BEDOK,4,84,318000,57,16
BEDOK,4,84,333000,57,1
BEDOK,4,105,472000,65,4
BEDOK,4,92,410000,58,10
BEDOK,4,84,325000,57,13
BEDOK,4,84,345000,57,4
BEDOK,4,108,465000,77,7
BEDOK,4,104,570000,69,1
BEDOK,4,108,740000,69,7
BEDOK,4,84,330000,58,1
BEDOK,5,119,518000,59,16
BEDOK,5,118,670000,60,19
BEDOK,5,119,518000,59,4
BEDOK,5,127,615000,73,7
BEDOK,5,123,505000,58,7
BEDOK,5,123,478000,73,10
BEDOK,5,122,503000,67,10
BEDOK,5,121,435000,62,4
BEDOK,5,139,570000,64,1
BEDOK,5,121,440000,62,4
BEDOK,5,121,470000,61,10
BEDOK,5,115,663000,81,16
BEDOK,5,115,628888,81,19
BEDOK,5,120,645000,58,19
BEDOK,5,122,597500,66,4
BEDOK,5,114,705000,56,19
BEDOK,5,121,488000,61,7
BEDOK,5,128,550000,77,1
BEDOK,5,129,530000,73,4
BEDOK,5,121,750000,69,4
BEDOK,5,130,818000,69,13
BEDOK,6,143,728000,73,10
BEDOK,6,151,670000,64,1
BEDOK,6,151,660000,67,10
BEDOK,6,154,750000,64,4
BEDOK,6,143,655000,67,10
BEDOK,6,143,785000,77,7
BEDOK,6,146,754000,76,4
BEDOK,6,146,870000,69,1
BEDOK,2,45,190000,59,7
BEDOK,3,67,255000,59,1
BEDOK,3,68,315000,60,1
BEDOK,3,67,275000,57,7
BEDOK,3,67,240000,57,1
BEDOK,3,67,268000,59,13
BEDOK,3,67,250000,59,1
BEDOK,3,82,329000,59,4
BEDOK,3,59,245000,58,4
BEDOK,3,67,340000,59,10
BEDOK,3,68,360000,59,4
BEDOK,3,67,255000,58,1
BEDOK,3,59,245000,58,4
BEDOK,3,67,270000,59,4
BEDOK,3,59,242000,58,13
BEDOK,3,67,278000,59,4
BEDOK,3,59,250000,58,13
BEDOK,3,59,226000,58,13
BEDOK,3,68,268000,59,4
BEDOK,3,68,295000,59,7
BEDOK,3,60,260000,66,4
BEDOK,3,68,280000,60,10
BEDOK,3,67,260000,65,1
BEDOK,3,68,295000,61,7
BEDOK,3,68,305000,62,4
BEDOK,3,68,280000,61,1
BEDOK,3,59,265000,56,7
BEDOK,3,65,294000,56,4
BEDOK,3,80,320000,64,7
BEDOK,3,80,320000,64,10
BEDOK,3,65,268000,52,4
BEDOK,3,68,290000,61,13
BEDOK,3,82,348888,61,7
BEDOK,3,68,250000,61,1
BEDOK,3,68,270000,61,4
BEDOK,3,68,275000,60,4
BEDOK,3,67,295000,65,1
BEDOK,3,68,285000,60,7
BEDOK,3,68,275000,61,1
BEDOK,3,65,270000,62,7
BEDOK,4,94,700000,90,7
BEDOK,4,92,450000,60,4
BEDOK,4,92,450000,60,7
BEDOK,4,92,395000,59,4
BEDOK,4,91,395000,58,4
BEDOK,4,92,428000,59,1
BEDOK,4,92,600000,86,7
BEDOK,4,92,396000,59,1
BEDOK,4,92,415000,59,10
BEDOK,4,92,356000,58,4
BEDOK,4,92,335000,58,1
BEDOK,4,83,350000,58,7
BEDOK,4,92,380000,60,1
BEDOK,4,92,355000,60,1
BEDOK,4,89,360000,58,1
BEDOK,4,84,388000,68,7
BEDOK,4,91,370000,65,1
BEDOK,4,98,370000,62,4
BEDOK,4,84,388388,68,4
BEDOK,4,82,368000,56,4
BEDOK,4,104,480000,65,4
BEDOK,4,84,350888,57,13
BEDOK,4,84,345000,57,10
BEDOK,4,104,542000,73,7
BEDOK,4,108,410000,77,1
BEDOK,4,92,410000,58,4
BEDOK,4,92,410000,58,10
BEDOK,5,112,858000,90,4
BEDOK,5,119,635000,59,19
BEDOK,5,119,680000,59,10
BEDOK,5,110,702500,86,13
BEDOK,5,122,518000,67,10
BEDOK,5,137,625000,64,1
BEDOK,5,137,660000,64,10
BEDOK,5,139,610000,64,7
BEDOK,5,115,588000,81,7
BEDOK,5,115,580000,81,7
BEDOK,5,131,750000,76,13
BEDOK,5,120,688000,58,25
BEDOK,5,132,525000,63,4
BEDOK,5,121,495000,61,13
BEDOK,5,133,620000,76,4
BEDOK,5,124,578000,73,7
BEDOK,5,130,780000,69,7
BEDOK,6,144,750000,74,13
BEDOK,6,143,650000,64,4
BEDOK,6,141,800000,76,7
BEDOK,6,145,770000,77,7
BEDOK,6,143,751888,77,7
BEDOK,6,146,868000,69,1
BEDOK,3,68,345000,59,1
BEDOK,3,82,310000,58,1
BEDOK,3,62,450000,90,16
BEDOK,3,67,275000,59,7
BEDOK,3,67,293000,59,10
BEDOK,3,67,280000,64,10
BEDOK,3,68,319000,60,1
BEDOK,3,67,285000,59,1
BEDOK,3,67,300000,59,4
BEDOK,3,67,268000,57,7
BEDOK,3,67,300000,58,7
BEDOK,3,67,350000,59,10
BEDOK,3,67,265000,59,1
BEDOK,3,73,288000,58,10
BEDOK,3,82,334000,59,4
BEDOK,3,67,248000,58,7
BEDOK,3,82,280000,58,4
BEDOK,3,68,272000,60,1
BEDOK,3,59,245000,58,4
BEDOK,3,68,278000,60,7
BEDOK,3,82,350000,60,4
BEDOK,3,67,260000,59,13
BEDOK,3,68,265000,60,7
BEDOK,3,68,260000,60,1
BEDOK,3,67,303000,66,7
BEDOK,3,60,280000,66,4
BEDOK,3,68,285000,61,4
BEDOK,3,68,282500,60,1
BEDOK,3,73,390000,57,7
BEDOK,3,73,338000,57,4
BEDOK,3,65,309000,56,13
BEDOK,3,67,280000,58,10
BEDOK,3,66,280000,63,4
BEDOK,3,65,255000,54,7
BEDOK,3,67,285000,65,1
BEDOK,3,68,292000,61,10
BEDOK,3,60,285000,65,7
BEDOK,4,87,690000,90,16
BEDOK,4,92,400000,59,10
BEDOK,4,92,365000,58,4
BEDOK,4,91,408000,58,10
BEDOK,4,92,620000,86,7
BEDOK,4,92,570000,86,4
BEDOK,4,92,380000,58,1
BEDOK,4,92,442000,58,13
BEDOK,4,92,420000,58,7
BEDOK,4,93,376000,60,7
BEDOK,4,84,334000,67,4
BEDOK,4,91,392000,61,4
BEDOK,4,102,458000,78,10
BEDOK,4,96,408000,65,7
BEDOK,4,102,470000,78,7
BEDOK,4,98,378000,61,10
BEDOK,4,105,425800,64,1
BEDOK,4,99,390000,65,7
BEDOK,4,104,450000,64,1
BEDOK,4,91,350000,61,1
BEDOK,4,84,370000,67,13
BEDOK,4,105,500000,81,4
BEDOK,4,105,545000,81,10
BEDOK,4,90,338000,57,4
BEDOK,4,82,368000,56,13
BEDOK,4,84,360000,66,1
BEDOK,4,105,450000,65,10
BEDOK,4,105,448000,64,7
BEDOK,4,104,500000,73,7
BEDOK,4,104,420000,73,1
BEDOK,4,104,608000,69,4
BEDOK,4,84,330000,57,7
BEDOK,5,119,550000,59,7
BEDOK,5,119,628000,59,16
BEDOK,5,120,550000,78,1
BEDOK,5,139,670000,64,4
BEDOK,5,122,505000,66,7
BEDOK,5,115,577000,81,4
BEDOK,5,115,630000,81,10
BEDOK,5,115,593000,81,7
BEDOK,5,123,575000,57,13
BEDOK,5,119,623000,56,7
BEDOK,5,117,685000,56,19
BEDOK,5,122,635000,73,10
BEDOK,5,126,618000,77,7
BEDOK,5,115,535000,57,4
BEDOK,6,150,620000,65,7
BEDOK,6,143,710000,74,7
BEDOK,6,149,720000,64,10
BEDOK,6,143,670000,67,7
BEDOK,6,143,658000,67,10
BEDOK,6,146,700000,66,4
BEDOK,3,67,297000,59,10
BEDOK,3,82,352000,64,7
BEDOK,3,67,245000,57,1
BEDOK,3,59,269500,58,10
BEDOK,3,59,245000,58,4
BEDOK,3,73,290000,58,7
BEDOK,3,68,332000,59,4
BEDOK,3,68,280000,59,1
BEDOK,3,73,325000,59,1
BEDOK,3,68,340000,59,7
BEDOK,3,68,265000,60,4
BEDOK,3,59,235000,58,7
BEDOK,3,68,280000,60,10
BEDOK,3,68,278000,61,1
BEDOK,3,68,315000,60,10
BEDOK,3,68,280000,60,1
BEDOK,3,60,270000,66,4
BEDOK,3,70,282000,65,1
BEDOK,3,82,350000,65,10
BEDOK,3,68,290000,61,7
BEDOK,3,61,250000,66,1
BEDOK,3,68,270000,61,1
BEDOK,3,68,287000,61,1
BEDOK,3,59,278000,56,7
BEDOK,3,65,250000,56,4
BEDOK,3,67,278000,58,13
BEDOK,3,65,278000,56,7
BEDOK,3,65,261000,54,7
BEDOK,3,65,265000,52,10
BEDOK,3,65,250000,52,10
BEDOK,3,80,320000,64,7
BEDOK,3,67,303000,65,1
BEDOK,3,65,295000,62,10
BEDOK,3,66,279000,58,1
BEDOK,4,97,750000,90,10
BEDOK,4,97,720000,90,16
BEDOK,4,94,680000,90,4
BEDOK,4,94,690000,90,13
BEDOK,4,92,365000,58,7
BEDOK,4,91,390000,57,13
BEDOK,4,92,350000,58,7
BEDOK,4,92,650000,85,19
BEDOK,4,91,390000,58,7
BEDOK,4,91,390000,58,7
BEDOK,4,92,630000,85,19
BEDOK,4,92,431000,59,10
BEDOK,4,91,420000,60,1
BEDOK,4,92,348000,59,7
BEDOK,4,92,405000,60,1
BEDOK,4,92,382000,59,4
BEDOK,4,84,350000,67,4
BEDOK,4,84,350000,66,1
BEDOK,4,104,435000,64,4
BEDOK,4,104,385000,65,4
BEDOK,4,84,358000,67,10
BEDOK,4,84,353000,66,10
BEDOK,4,84,370000,67,7
BEDOK,4,105,545000,80,10
BEDOK,4,90,338000,57,7
BEDOK,4,84,375000,57,13
BEDOK,4,83,396500,65,10
BEDOK,4,92,422000,58,13
BEDOK,4,92,418000,58,7
BEDOK,4,83,380000,65,4
BEDOK,4,91,345000,63,1
BEDOK,4,92,385000,60,10
BEDOK,4,98,385000,61,7
BEDOK,4,108,440000,76,1
BEDOK,5,112,833000,90,13
BEDOK,5,127,620000,73,13
BEDOK,5,121,410000,63,1
BEDOK,5,122,515000,66,13
BEDOK,5,115,648000,80,13
BEDOK,5,115,568000,80,4
BEDOK,5,115,568000,80,4
BEDOK,5,123,510000,57,7
BEDOK,5,133,550000,63,4
BEDOK,5,121,506000,61,10
BEDOK,6,143,727500,64,13
BEDOK,6,150,670000,65,10
BEDOK,6,144,808000,76,10
BEDOK,6,156,775000,76,10
BEDOK,2,44,200000,58,1
BEDOK,3,67,250000,59,4
BEDOK,3,67,270000,59,1
BEDOK,3,68,305000,60,4
BEDOK,3,68,342000,60,10
BEDOK,3,67,290000,59,7
BEDOK,3,82,320000,57,13
BEDOK,3,67,276000,58,7
BEDOK,3,70,321000,57,10
BEDOK,3,59,220000,57,7
BEDOK,3,73,318888,58,4
BEDOK,3,59,240000,57,1
BEDOK,3,88,350000,58,4
BEDOK,3,67,295000,58,10
BEDOK,3,68,308888,58,7
BEDOK,3,68,325000,59,1
BEDOK,3,68,312000,58,7
BEDOK,3,67,290000,58,4
BEDOK,3,67,310000,58,4
BEDOK,3,67,283000,58,7
BEDOK,3,82,345000,60,7
BEDOK,3,68,250000,59,1
BEDOK,3,60,265000,66,4
BEDOK,3,59,239000,58,10
BEDOK,3,68,305000,61,4
BEDOK,3,67,282000,62,4
BEDOK,3,70,287000,66,1
BEDOK,3,67,265000,62,1
BEDOK,3,64,305000,68,7
BEDOK,3,61,273000,66,1
BEDOK,3,59,255000,55,1
BEDOK,3,65,280000,55,4
BEDOK,3,67,230000,58,1
BEDOK,3,65,282000,53,10
BEDOK,3,76,295000,64,4
BEDOK,3,75,303000,64,10
BEDOK,3,65,265000,52,4
BEDOK,3,65,252000,52,4
BEDOK,3,82,325000,61,4
BEDOK,3,65,308000,62,10
BEDOK,3,65,258350,57,4
BEDOK,3,65,295000,62,10
BEDOK,3,65,308000,57,13
BEDOK,4,97,737000,90,16
BEDOK,4,92,398000,59,7
BEDOK,4,92,390000,59,7
BEDOK,4,85,580000,85,16
BEDOK,4,92,398000,58,1
BEDOK,4,91,408000,60,7
BEDOK,4,91,348000,58,10
BEDOK,4,91,328888,57,4
BEDOK,4,92,320000,60,1
BEDOK,4,104,430000,64,7
BEDOK,4,95,378000,62,4
BEDOK,4,98,425000,60,10
BEDOK,4,92,400000,61,10
BEDOK,4,84,350000,67,4
BEDOK,4,107,639000,80,16
BEDOK,4,98,392000,58,10
BEDOK,4,82,340000,55,1
BEDOK,4,105,480000,65,13
BEDOK,4,83,393000,65,4
BEDOK,4,84,328000,57,10
BEDOK,4,104,540000,73,13
BEDOK,4,107,425000,76,1
BEDOK,4,104,673888,69,7
BEDOK,5,112,868000,90,10
BEDOK,5,118,680000,60,22
BEDOK,5,121,455000,62,1
BEDOK,5,121,530000,60,10
BEDOK,5,122,470000,66,1
BEDOK,5,121,440000,62,1
BEDOK,5,121,470000,61,7
BEDOK,5,115,552888,80,1
BEDOK,5,115,575000,80,10
BEDOK,5,123,563000,57,10
BEDOK,5,114,588000,55,7
BEDOK,5,128,600000,73,4
BEDOK,5,133,668000,73,4
BEDOK,5,116,650000,81,7
BEDOK,5,128,585000,76,1
BEDOK,6,163,739888,58,4
BEDOK,6,143,565000,67,4
BEDOK,6,143,638000,67,4
BEDOK,6,142,788000,73,13
BEDOK,6,146,782888,73,10
BEDOK,5,117,390000,58,1
BEDOK,4,92,440000,58,1
BEDOK,2,45,215000,58,10
BEDOK,2,45,218000,65,7
BEDOK,3,67,270000,64,4
BEDOK,3,68,260000,60,1
BEDOK,3,82,340000,58,7
BEDOK,3,67,275000,57,10
BEDOK,3,82,310000,57,1
BEDOK,3,67,248000,58,4
BEDOK,3,60,253000,66,10
BEDOK,3,59,240000,57,10
BEDOK,3,70,265000,57,1
BEDOK,3,60,308000,66,10
BEDOK,3,73,283000,58,1
BEDOK,3,67,333000,59,1
BEDOK,3,82,335000,58,7
BEDOK,3,67,270000,58,4
BEDOK,3,70,268000,58,13
BEDOK,3,68,265000,59,1
BEDOK,3,59,235000,58,7
BEDOK,3,68,295000,59,16
BEDOK,3,68,267000,60,1
BEDOK,3,68,286888,62,10
BEDOK,3,64,265000,66,4
BEDOK,3,81,332000,62,10
BEDOK,3,68,283000,61,1
BEDOK,3,68,296000,60,7
BEDOK,3,68,273000,60,1
BEDOK,3,59,260000,55,7
BEDOK,3,67,280000,57,13
BEDOK,3,67,268000,58,4
BEDOK,3,65,245000,55,7
BEDOK,3,76,290000,64,4
BEDOK,3,65,236000,52,1
BEDOK,3,75,280000,52,4
BEDOK,3,68,330000,59,1
BEDOK,3,76,315000,57,1
BEDOK,4,87,685000,90,10
BEDOK,4,87,708000,90,13
BEDOK,4,92,363000,58,4
BEDOK,4,92,318000,59,4
BEDOK,4,92,368000,58,13
BEDOK,4,91,385000,60,1
BEDOK,4,91,403000,60,10
BEDOK,4,92,390000,58,7
BEDOK,4,91,400000,60,7
BEDOK,4,95,360000,60,7
BEDOK,4,92,350000,59,7
BEDOK,4,95,330000,59,4
BEDOK,4,103,465000,64,1
BEDOK,4,103,389000,67,1
BEDOK,4,91,350000,65,1
BEDOK,4,84,345000,66,7
BEDOK,4,107,560000,80,19
BEDOK,4,107,540000,80,16
BEDOK,4,105,548000,80,13
BEDOK,4,82,355000,55,7
BEDOK,4,83,350000,65,4
BEDOK,4,105,500000,65,10
BEDOK,4,84,340000,57,1
BEDOK,4,83,378000,64,7
BEDOK,4,90,500000,80,7
BEDOK,4,84,320000,57,7
BEDOK,5,110,705000,85,13
BEDOK,5,120,560000,78,1
BEDOK,5,121,460000,60,1
BEDOK,5,121,420000,61,1
BEDOK,5,126,470000,62,10
BEDOK,5,121,435000,65,7
BEDOK,5,115,620000,80,10
BEDOK,5,123,470000,57,1
BEDOK,5,123,618000,58,7
BEDOK,5,122,490000,65,1
BEDOK,5,133,550000,63,7
BEDOK,5,128,605000,76,13
BEDOK,5,121,648000,76,13
BEDOK,5,123,625000,73,10
BEDOK,5,124,545000,73,4
BEDOK,6,150,628000,65,7
BEDOK,6,144,880000,73,13
BEDOK,6,146,700000,66,1
BEDOK,3,69,505000,90,16
BEDOK,3,67,260000,59,10
BEDOK,3,67,280000,59,1
BEDOK,3,82,345000,58,4
BEDOK,3,82,335000,57,10
BEDOK,3,67,290000,57,10
BEDOK,3,73,270000,58,7
BEDOK,3,59,240000,57,10
BEDOK,3,59,266000,57,7
BEDOK,3,59,220000,57,10
BEDOK,3,69,295000,66,13
BEDOK,3,59,223000,57,1
BEDOK,3,88,300000,58,10
BEDOK,3,68,261000,58,1
BEDOK,3,68,280000,58,1
BEDOK,3,68,330000,59,4
BEDOK,3,83,378000,59,1
BEDOK,3,82,338000,58,4
BEDOK,3,67,237000,57,1
BEDOK,3,60,250000,65,10
BEDOK,3,67,244000,59,1
BEDOK,3,59,235000,58,4
BEDOK,3,59,240800,58,10
BEDOK,3,60,245000,65,1
BEDOK,3,64,310000,66,1
BEDOK,3,82,333000,60,10
BEDOK,3,67,265000,65,1
BEDOK,3,68,263000,60,1
BEDOK,3,68,286888,61,7
BEDOK,3,67,270000,62,1
BEDOK,3,73,285000,55,1
BEDOK,3,59,288000,55,4
BEDOK,3,65,257000,52,7
BEDOK,3,65,250000,52,1
BEDOK,3,75,350000,63,10
BEDOK,3,82,310000,65,7
BEDOK,3,68,280000,60,4
BEDOK,3,65,269000,57,13
BEDOK,4,94,680000,90,1
BEDOK,4,94,688000,90,4
BEDOK,4,87,675000,90,10
BEDOK,4,92,390000,59,1
BEDOK,4,92,376000,59,4
BEDOK,4,92,425000,58,7
BEDOK,4,92,405000,58,4
BEDOK,4,91,388000,58,13
BEDOK,4,98,388800,58,4
BEDOK,4,92,368000,57,4
BEDOK,4,91,335000,58,1
BEDOK,4,91,370000,58,13
BEDOK,4,92,338000,57,10
BEDOK,4,91,390000,60,4
BEDOK,4,92,385000,59,16
BEDOK,4,83,354000,66,1
BEDOK,4,111,478000,64,10
BEDOK,4,91,415000,65,7
BEDOK,4,84,378000,68,7
BEDOK,4,93,408000,61,7
BEDOK,4,91,418000,65,1
BEDOK,4,93,360000,61,1
BEDOK,4,93,395000,60,7
BEDOK,4,105,555000,80,13
BEDOK,4,107,525000,80,4
BEDOK,4,90,370000,57,13
BEDOK,4,84,315000,57,4
BEDOK,4,82,370000,54,13
BEDOK,4,103,435000,63,4
BEDOK,4,108,490000,76,10
BEDOK,4,92,350000,58,1
BEDOK,4,84,310000,57,4
BEDOK,5,119,550000,58,19
BEDOK,5,118,555000,60,4
BEDOK,5,118,615000,60,10
BEDOK,5,117,482000,58,10
BEDOK,5,110,658000,85,7
BEDOK,5,140,660000,63,4
BEDOK,5,123,435000,73,4
BEDOK,5,122,445000,66,1
BEDOK,5,121,510000,60,7
BEDOK,5,121,465000,60,10
BEDOK,5,121,516000,60,4
BEDOK,5,123,560000,77,7
BEDOK,5,115,640000,80,16
BEDOK,5,115,590000,80,7
BEDOK,5,120,505000,57,4
BEDOK,5,123,588000,58,16
BEDOK,5,122,528000,65,1
BEDOK,5,117,722000,55,25
BEDOK,5,119,600000,54,19
BEDOK,5,122,620000,73,1
BEDOK,5,133,555000,63,10
BEDOK,5,133,530000,64,4
BEDOK,5,130,770000,68,10
BEDOK,6,143,770000,72,7
BEDOK,6,144,750000,73,13
BEDOK,6,143,575000,66,1
BEDOK,6,146,700000,66,1
BEDOK,3,67,287000,59,7
BEDOK,2,44,210000,58,4
BEDOK,2,45,200000,65,1
BEDOK,3,68,280000,60,7
BEDOK,3,67,250000,59,7
BEDOK,3,67,280000,64,1
BEDOK,3,68,275000,60,4
BEDOK,3,67,300000,59,4
BEDOK,3,67,290000,59,1
BEDOK,3,67,245000,59,1
BEDOK,3,67,260000,57,1
BEDOK,3,67,258000,58,7
BEDOK,3,67,280000,57,7
BEDOK,3,67,265000,59,4
BEDOK,3,81,320000,57,10
BEDOK,3,82,300000,57,10
BEDOK,3,67,270000,57,7
BEDOK,3,67,260000,58,10
BEDOK,3,88,345000,58,4
BEDOK,3,60,265000,65,13
BEDOK,3,73,253000,58,1
BEDOK,3,68,335000,59,1
BEDOK,3,59,240000,58,13
BEDOK,3,82,315000,59,13
BEDOK,3,67,270000,65,1
BEDOK,3,60,260000,65,7
BEDOK,3,68,295000,60,7
BEDOK,3,68,320000,60,7
BEDOK,3,68,260000,59,10
BEDOK,3,68,261000,59,10
BEDOK,3,68,310000,60,4
BEDOK,3,67,260000,59,4
BEDOK,3,82,265000,59,7
BEDOK,3,60,248000,65,4
BEDOK,3,68,278000,59,1
BEDOK,3,59,250000,57,7
BEDOK,3,68,265000,61,4
BEDOK,3,67,273000,65,4
BEDOK,3,68,290000,60,10
BEDOK,3,68,280000,60,10
BEDOK,3,64,280000,65,1
BEDOK,3,65,242500,53,4
BEDOK,3,75,280000,62,1
BEDOK,3,79,315000,63,10
BEDOK,3,65,255000,52,4
BEDOK,3,75,320000,63,10
BEDOK,3,67,285000,65,1
BEDOK,3,68,260000,61,1
BEDOK,3,65,295000,57,4
BEDOK,3,65,245000,57,13
BEDOK,3,65,230000,57,1
BEDOK,4,92,355000,59,4
BEDOK,4,92,345000,59,1
BEDOK,4,92,630000,85,16
BEDOK,4,89,350000,58,7
BEDOK,4,92,337000,58,13
BEDOK,4,91,418000,60,4
BEDOK,4,84,352000,66,4
BEDOK,4,92,392000,60,7
BEDOK,4,93,380000,65,7
BEDOK,4,93,404888,65,10
BEDOK,4,84,364000,66,1
BEDOK,4,105,545000,80,7
BEDOK,4,105,560000,80,13
BEDOK,4,84,318000,57,10
BEDOK,4,83,418000,64,10
BEDOK,4,83,365000,64,1
BEDOK,4,84,389000,65,7
BEDOK,4,92,408000,57,7
BEDOK,4,105,460000,62,1
BEDOK,4,91,365000,62,4
BEDOK,4,104,648000,68,4
BEDOK,4,84,348000,57,7
BEDOK,4,84,310000,57,7
BEDOK,4,92,420000,58,16
BEDOK,5,119,580000,58,22
BEDOK,5,110,618888,85,4
BEDOK,5,110,595000,85,1
BEDOK,5,117,450000,58,7
BEDOK,5,123,510000,57,1
BEDOK,5,120,450000,62,10
BEDOK,5,121,430000,62,1
BEDOK,5,127,415000,73,1
BEDOK,5,149,620000,63,4
BEDOK,5,121,420000,65,1
BEDOK,5,115,545000,80,1
BEDOK,5,120,545000,57,22
BEDOK,5,131,735000,75,10
BEDOK,5,133,733000,73,4
BEDOK,5,125,600000,57,19
BEDOK,5,119,613000,55,10
BEDOK,5,119,578000,54,7
BEDOK,5,122,548000,73,1
BEDOK,5,123,625000,73,13
BEDOK,5,128,560000,76,4
BEDOK,5,130,865000,69,10
BEDOK,6,154,745000,63,16
BEDOK,6,150,660000,65,4
BEDOK,6,148,560000,65,4
BEDOK,6,145,800000,76,13
BEDOK,6,142,770000,76,10
BEDOK,4,92,368000,59,7
BEDOK,2,45,202000,59,4
BEDOK,2,45,200000,58,4
BEDOK,2,45,237000,66,10
BEDOK,3,68,273000,60,7
BEDOK,3,67,295000,58,4
BEDOK,3,67,303000,58,7
BEDOK,3,67,240000,57,4
BEDOK,3,82,303000,58,4
BEDOK,3,59,248000,57,7
BEDOK,3,60,230000,65,1
BEDOK,3,67,290000,58,1
BEDOK,3,67,325000,58,4
BEDOK,3,67,252888,57,1
BEDOK,3,81,330000,57,4
BEDOK,3,67,260000,57,1
BEDOK,3,59,240000,57,4
BEDOK,3,67,280000,57,7
BEDOK,3,68,305000,58,4
BEDOK,3,68,365000,59,1
BEDOK,3,67,315000,57,13
BEDOK,3,67,270000,57,7
BEDOK,3,67,255000,57,4
BEDOK,3,60,258000,65,4
BEDOK,3,68,250000,59,1
BEDOK,3,82,340000,59,4
BEDOK,3,68,255000,59,7
BEDOK,3,59,226000,57,1
BEDOK,3,67,282000,62,1
BEDOK,3,68,315000,60,10
BEDOK,3,63,275000,68,1
BEDOK,3,70,303000,65,7
BEDOK,3,65,251000,55,4
BEDOK,3,65,270000,55,7
BEDOK,3,59,253500,55,4
BEDOK,3,88,320000,57,4
BEDOK,3,65,275000,55,4
BEDOK,3,65,240000,53,10
BEDOK,3,76,308500,63,1
BEDOK,3,75,320000,63,10
BEDOK,3,68,295000,59,7
BEDOK,3,68,268000,61,10
BEDOK,3,68,255000,61,7
BEDOK,4,87,706000,89,16
BEDOK,4,92,368000,59,4
BEDOK,4,92,360000,59,1
BEDOK,4,92,350000,58,13
BEDOK,4,91,370000,60,4
BEDOK,4,85,563000,85,10
BEDOK,4,92,383000,58,7
BEDOK,4,92,380000,57,10
BEDOK,4,85,585000,85,7
BEDOK,4,85,590000,85,13
BEDOK,4,98,365000,57,4
BEDOK,4,91,350000,60,1
BEDOK,4,92,375000,58,13
BEDOK,4,92,435000,57,13
BEDOK,4,89,355000,57,4
BEDOK,4,103,410000,66,7
BEDOK,4,91,370000,60,1
BEDOK,4,104,430000,63,4
BEDOK,4,91,352800,65,4
BEDOK,4,88,395000,67,7
BEDOK,4,92,390000,57,4
BEDOK,4,84,303000,57,4
BEDOK,4,82,363888,54,10
BEDOK,4,82,385000,54,13
BEDOK,4,92,426000,59,4
BEDOK,4,108,456000,76,4
BEDOK,4,84,330000,57,10
BEDOK,4,84,406000,57,13
BEDOK,4,84,320000,57,13
BEDOK,5,119,580000,59,4
BEDOK,5,118,650000,60,13
BEDOK,5,117,520000,58,13
BEDOK,5,117,510000,58,10
BEDOK,5,119,480000,58,7
BEDOK,5,110,680000,85,4
BEDOK,5,123,445000,65,7
BEDOK,5,125,455000,60,1
BEDOK,5,139,618000,64,10
BEDOK,5,121,460000,60,1
BEDOK,5,121,440000,61,7
BEDOK,5,139,620000,64,4
BEDOK,5,132,550000,63,4
BEDOK,5,121,435000,61,4
BEDOK,5,115,548000,80,1
BEDOK,5,115,615000,80,13
BEDOK,5,117,645000,55,10
BEDOK,5,117,621000,54,22
BEDOK,5,132,647933,76,7
BEDOK,5,121,565000,72,7
BEDOK,5,123,770000,68,7
BEDOK,5,118,542000,57,7
BEDOK,5,118,515000,57,4
BEDOK,6,150,550000,65,1
BEDOK,6,156,590000,65,4
BEDOK,6,143,680000,63,7
BEDOK,2,45,215000,65,7
BEDOK,2,44,225000,58,7
BEDOK,3,67,300000,58,7
BEDOK,3,67,250000,59,1
BEDOK,3,67,285000,59,10
BEDOK,3,67,295000,58,4
BEDOK,3,82,348000,58,7
BEDOK,3,82,305000,59,4
BEDOK,3,82,306000,57,7
BEDOK,3,67,240000,58,1
BEDOK,3,73,280000,57,4
BEDOK,3,67,270000,57,4
BEDOK,3,67,270000,57,1
BEDOK,3,67,300000,58,4
BEDOK,3,82,313000,57,7
BEDOK,3,68,288000,58,4
BEDOK,3,83,325000,59,4
BEDOK,3,67,281000,57,7
BEDOK,3,67,275000,57,7
BEDOK,3,67,275000,57,1
BEDOK,3,67,282000,57,1
BEDOK,3,68,275000,59,4
BEDOK,3,67,250000,59,1
BEDOK,3,68,250000,59,4
BEDOK,3,68,280000,59,4
BEDOK,3,60,240000,65,10
BEDOK,3,68,260000,59,7
BEDOK,3,67,260000,59,10
BEDOK,3,67,285000,65,4
BEDOK,3,68,285000,59,4
BEDOK,3,59,222888,57,1
BEDOK,3,68,268000,59,13
BEDOK,3,67,265000,57,1
BEDOK,3,67,288000,61,4
BEDOK,3,67,300000,62,7
BEDOK,3,70,293000,65,4
BEDOK,3,68,265000,61,1
BEDOK,3,67,260000,65,7
BEDOK,3,67,275000,65,4
BEDOK,3,83,300000,62,1
BEDOK,3,67,280000,65,4
BEDOK,3,73,300000,57,1
BEDOK,3,65,273000,55,4
BEDOK,3,65,262000,55,7
BEDOK,3,65,265000,55,7
BEDOK,3,65,252000,53,10
BEDOK,3,74,270000,63,1
BEDOK,3,82,328000,59,10
BEDOK,3,68,278000,60,7
BEDOK,3,65,300000,56,10
BEDOK,3,73,329000,58,7
BEDOK,4,87,665000,89,4
BEDOK,4,92,435000,58,7
BEDOK,4,92,405000,59,4
BEDOK,4,92,360000,58,4
BEDOK,4,92,360000,58,7
BEDOK,4,91,348888,57,10
BEDOK,4,91,385000,60,4
BEDOK,4,91,380000,57,13
BEDOK,4,92,538000,85,4
BEDOK,4,83,360000,57,4
BEDOK,4,92,340000,57,7
BEDOK,4,92,568000,85,4
BEDOK,4,91,390000,60,1
BEDOK,4,91,400000,60,10
BEDOK,4,92,341000,59,4
BEDOK,4,84,357000,66,1
BEDOK,4,103,435000,64,13
BEDOK,4,84,370000,66,10
BEDOK,4,104,425000,66,7
BEDOK,4,92,408000,60,10
BEDOK,4,84,370000,66,4
BEDOK,4,100,465000,77,4
BEDOK,4,92,388000,60,10
BEDOK,4,105,462000,80,1
BEDOK,4,105,498000,80,10
BEDOK,4,105,518000,80,16
BEDOK,4,107,588000,80,19
BEDOK,4,84,360000,57,13
BEDOK,4,82,325000,55,10
BEDOK,4,90,340000,57,7
BEDOK,4,82,323888,55,1
BEDOK,4,92,375000,57,7
BEDOK,4,106,480000,76,4
BEDOK,4,108,450000,76,4
BEDOK,4,104,490000,72,13
BEDOK,4,84,340000,57,7
BEDOK,4,92,420000,57,13
BEDOK,5,123,520000,59,10
BEDOK,5,117,482000,58,10
BEDOK,5,118,628000,60,10
BEDOK,5,119,575000,58,22
BEDOK,5,117,470000,57,1
BEDOK,5,117,445000,57,1
BEDOK,5,136,570000,59,1
BEDOK,5,140,630000,63,1
BEDOK,5,121,480000,60,7
BEDOK,5,123,475000,65,10
BEDOK,5,115,630000,80,7
BEDOK,5,115,620000,80,7
BEDOK,5,122,650000,65,10
BEDOK,5,133,543000,63,7
BEDOK,5,125,615000,76,10
BEDOK,5,126,562000,76,7
BEDOK,5,121,530000,76,1
BEDOK,5,121,745000,68,4
BEDOK,5,126,745000,68,1
BEDOK,6,146,730000,73,10
BEDOK,6,144,690888,63,13
BEDOK,6,145,780000,75,4
BEDOK,4,88,328000,55,1
BEDOK,2,44,205000,58,4
BEDOK,3,69,440000,89,1
BEDOK,3,81,320000,58,4
BEDOK,3,67,258000,59,4
BEDOK,3,68,276000,59,10
BEDOK,3,67,302000,58,4
BEDOK,3,67,317000,58,4
BEDOK,3,82,335000,58,1
BEDOK,3,67,265000,58,10
BEDOK,3,67,265000,57,4
BEDOK,3,73,325000,58,7
BEDOK,3,73,340000,58,4
BEDOK,3,68,360000,58,10
BEDOK,3,68,315000,58,4
BEDOK,3,68,230000,59,1
BEDOK,3,67,255000,58,13
BEDOK,3,59,238000,57,10
BEDOK,3,68,232500,59,4
BEDOK,3,68,282800,59,13
BEDOK,3,67,249000,58,7
BEDOK,3,68,250000,59,10
BEDOK,3,68,280000,59,4
BEDOK,3,59,250000,57,13
BEDOK,3,68,290000,60,7
BEDOK,3,64,265000,66,1
BEDOK,3,67,270000,61,4
BEDOK,3,74,278000,60,1
BEDOK,3,67,285000,65,7
BEDOK,3,70,265000,65,1
BEDOK,3,67,292000,61,10
BEDOK,3,59,218000,55,1
BEDOK,3,73,290000,55,1
BEDOK,3,88,355000,57,10
BEDOK,3,82,365000,57,16
BEDOK,3,65,260000,53,1
BEDOK,3,65,255000,51,4
BEDOK,3,68,290000,59,7
BEDOK,3,82,300000,60,4
BEDOK,3,68,280000,59,10
BEDOK,3,65,300000,62,4
BEDOK,3,76,318000,56,7
BEDOK,4,94,675000,89,7
BEDOK,4,92,370000,59,4
BEDOK,4,89,340000,57,7
BEDOK,4,92,400000,58,1
BEDOK,4,92,300000,57,4
BEDOK,4,92,610000,85,7
BEDOK,4,91,388000,57,10
BEDOK,4,92,358000,57,7
BEDOK,4,92,370000,59,13
BEDOK,4,103,410000,66,4
BEDOK,4,104,420000,63,1
BEDOK,4,104,418000,60,7
BEDOK,4,105,481500,80,1
BEDOK,4,98,380000,56,7
BEDOK,4,90,345000,57,7
BEDOK,4,90,330000,57,4
BEDOK,4,84,315000,57,7
BEDOK,4,82,365000,54,13
BEDOK,4,105,405000,63,4
BEDOK,4,106,520000,76,10
BEDOK,5,117,450000,57,4
BEDOK,5,117,425000,57,7
BEDOK,5,117,440000,57,10
BEDOK,5,122,415000,61,10
BEDOK,5,133,780000,72,22
BEDOK,5,125,550000,57,4
BEDOK,5,117,682000,54,22
BEDOK,5,126,575000,76,4
BEDOK,5,120,720000,68,1
BEDOK,5,130,815000,68,10
BEDOK,5,125,695000,68,7
BEDOK,5,125,745000,68,10
BEDOK,6,163,691000,59,4
BEDOK,6,143,712000,72,4
BEDOK,6,143,590000,66,1
BEDOK,6,151,765000,64,10
BEDOK,2,45,218000,65,10
BEDOK,3,69,452000,89,4
BEDOK,3,69,448000,89,4
BEDOK,3,67,255000,58,1
BEDOK,3,67,318000,58,10
BEDOK,3,67,270000,58,1
BEDOK,3,67,285000,58,7
BEDOK,3,67,270000,56,1
BEDOK,3,67,275000,56,10
BEDOK,3,67,270000,56,13
BEDOK,3,67,275000,56,10
BEDOK,3,67,288000,56,10
BEDOK,3,60,230000,65,4
BEDOK,3,67,272000,56,7
BEDOK,3,67,260000,56,7
BEDOK,3,68,345000,59,7
BEDOK,3,67,275000,57,4
BEDOK,3,67,305000,57,10
BEDOK,3,67,280000,57,10
BEDOK,3,67,283000,57,7
BEDOK,3,59,233888,57,10
BEDOK,3,68,258000,59,1
BEDOK,3,67,245000,58,10
BEDOK,3,82,318000,58,10
BEDOK,3,68,255000,58,4
BEDOK,3,68,280000,59,4
BEDOK,3,68,260000,58,10
BEDOK,3,82,341800,59,10
BEDOK,3,68,245000,58,4
BEDOK,3,60,233000,65,7
BEDOK,3,82,300000,58,7
BEDOK,3,68,248000,59,10
BEDOK,3,67,275000,59,4
BEDOK,3,68,240000,59,1
BEDOK,3,82,325000,60,4
BEDOK,3,68,285000,60,7
BEDOK,3,68,278000,60,4
BEDOK,3,68,275000,60,4
BEDOK,3,68,292000,60,4
BEDOK,3,81,338000,61,10
BEDOK,3,73,322000,56,1
BEDOK,3,65,280000,55,7
BEDOK,3,73,305000,57,4
BEDOK,3,65,275000,53,13
BEDOK,3,65,270000,53,13
BEDOK,3,80,318000,63,10
BEDOK,3,65,270000,51,1
BEDOK,3,68,272800,59,4
BEDOK,3,82,318000,60,7
BEDOK,3,67,300000,64,7
BEDOK,3,60,272000,65,4
BEDOK,3,65,273000,56,7
BEDOK,3,65,290000,62,4
BEDOK,4,94,685000,89,4
BEDOK,4,87,680000,89,16
BEDOK,4,97,740000,89,7
BEDOK,4,92,360000,58,1
BEDOK,4,92,408000,59,4
BEDOK,4,92,371000,58,13
BEDOK,4,91,363000,57,7
BEDOK,4,92,575000,85,1
BEDOK,4,89,333000,57,1
BEDOK,4,92,357000,57,7
BEDOK,4,85,575000,85,10
BEDOK,4,92,600000,85,7
BEDOK,4,92,575000,85,1
BEDOK,4,92,600000,85,13
BEDOK,4,92,360000,58,1
BEDOK,4,96,388000,64,1
BEDOK,4,84,350000,66,1
BEDOK,4,84,370000,67,1
BEDOK,4,104,408000,63,1
BEDOK,4,103,410000,63,1
BEDOK,4,84,368000,68,4
BEDOK,4,105,532000,80,4
BEDOK,4,107,565000,80,16
BEDOK,4,107,560000,80,16
BEDOK,4,98,392000,57,10
BEDOK,4,105,362500,64,1
BEDOK,4,88,335000,55,4
BEDOK,4,104,485000,72,1
BEDOK,4,104,465000,63,7
BEDOK,4,108,475000,76,7
BEDOK,4,108,465000,75,1
BEDOK,4,108,485000,76,7
BEDOK,4,104,638888,68,7
BEDOK,5,119,418888,58,1
BEDOK,5,117,480000,58,13
BEDOK,5,118,648000,59,19
BEDOK,5,124,580000,72,4
BEDOK,5,117,450000,57,4
BEDOK,5,121,468000,60,4
BEDOK,5,120,423000,61,4
BEDOK,5,115,610000,80,16
BEDOK,5,115,500000,57,10
BEDOK,5,120,652000,80,7
BEDOK,5,124,580000,76,1
BEDOK,5,133,618000,75,4
BEDOK,5,118,530000,56,7
BEDOK,5,118,593000,56,25
BEDOK,6,144,658000,72,4
BEDOK,6,143,650000,66,10
BEDOK,6,142,726000,72,4
BEDOK,6,141,790000,75,4
BEDOK,6,146,680000,65,4
BEDOK,2,45,210000,65,1
BEDOK,2,45,210000,65,7
BEDOK,3,67,260000,58,1
BEDOK,3,67,260000,58,4
BEDOK,3,67,270000,58,1
BEDOK,3,67,315000,58,4
BEDOK,3,67,303000,58,10
BEDOK,3,67,248000,58,7
BEDOK,3,82,332000,58,10
BEDOK,3,67,260000,56,4
BEDOK,3,73,310000,57,7
BEDOK,3,73,280000,57,10
BEDOK,3,67,295000,58,10
BEDOK,3,59,228000,57,1
BEDOK,3,67,262000,58,1
BEDOK,3,59,262000,57,4
BEDOK,3,59,254000,57,13
BEDOK,3,68,320000,58,10
BEDOK,3,73,315000,58,1
BEDOK,3,67,288000,57,10
BEDOK,3,67,300000,57,7
BEDOK,3,67,245000,57,1
BEDOK,3,82,320000,58,13
BEDOK,3,59,223000,57,7
BEDOK,3,59,249000,57,10
BEDOK,3,68,263000,59,13
BEDOK,3,68,235000,59,1
BEDOK,3,68,287000,58,7
BEDOK,3,68,233000,59,4
BEDOK,3,67,280000,58,4
BEDOK,3,68,275000,59,4
BEDOK,3,68,250000,58,10
BEDOK,3,67,295000,65,4
BEDOK,3,68,293000,61,4
BEDOK,3,67,298000,61,7
BEDOK,3,63,285000,67,4
BEDOK,3,67,255000,64,1
BEDOK,3,67,280000,65,4
BEDOK,3,73,280000,57,7
BEDOK,3,67,270000,57,4
BEDOK,3,75,325000,63,4
BEDOK,3,75,255000,63,4
BEDOK,3,65,243000,51,4
BEDOK,3,82,320000,60,4
BEDOK,3,82,325000,59,4
BEDOK,3,68,280000,59,7
BEDOK,3,60,268000,65,7
BEDOK,3,60,300000,65,4
BEDOK,3,73,380000,57,13
BEDOK,4,94,733000,89,7
BEDOK,4,97,685000,89,1
BEDOK,4,87,707000,89,10
BEDOK,4,92,435000,59,7
BEDOK,4,92,380000,58,7
BEDOK,4,92,380000,59,1
BEDOK,4,92,352000,58,7
BEDOK,4,92,345000,58,1
BEDOK,4,92,410000,58,10
BEDOK,4,92,355000,58,7
BEDOK,4,92,590000,85,7
BEDOK,4,91,420000,60,10
BEDOK,4,91,356000,56,10
BEDOK,4,92,350000,57,1
BEDOK,4,92,520000,85,1
BEDOK,4,91,405000,60,7
BEDOK,4,92,640000,85,13
BEDOK,4,84,320000,66,7
BEDOK,4,97,390000,65,1
BEDOK,4,91,373500,64,10
BEDOK,4,104,386000,66,1
BEDOK,4,84,390000,67,4
BEDOK,4,84,350000,67,4
BEDOK,4,84,360000,66,1
BEDOK,4,107,536000,80,10
BEDOK,4,105,512000,80,7
BEDOK,4,105,560000,80,13
BEDOK,4,90,318000,56,7
BEDOK,4,84,325000,57,7
BEDOK,4,90,330000,56,1
BEDOK,4,90,335000,56,10
BEDOK,4,84,340000,56,13
BEDOK,4,84,435000,65,10
BEDOK,4,83,350000,64,1
BEDOK,4,84,322000,56,7
BEDOK,4,83,370000,64,7
BEDOK,4,84,375000,65,1
BEDOK,4,91,343000,62,1
BEDOK,4,108,450000,75,4
BEDOK,4,107,465000,76,1
BEDOK,4,84,345000,56,10
BEDOK,5,112,818000,89,7
BEDOK,5,112,795000,89,1
BEDOK,5,123,500000,58,4
BEDOK,5,120,410000,58,7
BEDOK,5,117,420000,57,4
BEDOK,5,121,482000,62,4
BEDOK,5,124,444000,62,4
BEDOK,5,122,475000,66,13
BEDOK,5,139,610000,63,1
BEDOK,5,121,421000,61,1
BEDOK,5,137,668000,63,10
BEDOK,5,117,648000,80,10
BEDOK,5,112,390000,80,1
BEDOK,5,112,460000,80,1
BEDOK,5,123,640000,72,13
BEDOK,5,122,572000,72,7
BEDOK,5,130,800000,68,13
BEDOK,6,143,625000,66,4
BEDOK,6,143,745000,63,10
BEDOK,6,142,635000,63,1
BEDOK,6,148,683500,72,4
BEDOK,6,147,740000,73,10
BEDOK,2,44,188000,57,1
BEDOK,2,45,232800,65,4
BEDOK,3,69,493000,89,13
BEDOK,3,68,265000,59,4
BEDOK,3,67,275000,58,7
BEDOK,3,67,278000,58,4
BEDOK,3,67,268000,58,10
BEDOK,3,68,363000,59,7
BEDOK,3,67,285000,58,10
BEDOK,3,67,235000,56,4
BEDOK,3,67,273000,56,7
BEDOK,3,82,315000,56,7
BEDOK,3,67,297000,56,10
BEDOK,3,59,240000,57,7
BEDOK,3,59,248000,57,10
BEDOK,3,60,232888,65,10
BEDOK,3,67,267000,57,4
BEDOK,3,60,285000,65,13
BEDOK,3,68,260000,58,1
BEDOK,3,68,300000,59,1
BEDOK,3,67,323000,58,4
BEDOK,3,67,302888,58,7
BEDOK,3,68,305000,56,1
BEDOK,3,67,310000,57,10
BEDOK,3,68,265000,59,7
BEDOK,3,68,268888,59,10
BEDOK,3,68,260000,59,7
BEDOK,3,67,238000,58,1
BEDOK,3,68,283000,58,13
BEDOK,3,67,280000,58,10
BEDOK,3,67,239888,64,7
BEDOK,3,68,270000,59,4
BEDOK,3,67,288000,64,7
BEDOK,3,66,500000,93,10
BEDOK,3,67,468000,93,4
BEDOK,3,67,280000,64,4
BEDOK,3,67,288000,64,4
BEDOK,3,68,280000,60,10
BEDOK,3,68,295000,60,10
BEDOK,3,68,288000,60,7
BEDOK,3,68,280000,61,4
BEDOK,3,60,260000,65,4
BEDOK,3,82,338000,65,4
BEDOK,3,67,266000,64,4
BEDOK,3,64,270000,67,1
BEDOK,3,59,275000,55,7
BEDOK,3,65,260000,53,10
BEDOK,3,65,263000,53,10
BEDOK,3,90,330000,63,4
BEDOK,3,80,309000,63,7
BEDOK,3,65,230000,51,7
BEDOK,3,65,257000,51,10
BEDOK,3,65,300000,56,10
BEDOK,3,65,270000,56,13
BEDOK,3,76,320000,56,7
BEDOK,4,91,425000,58,7
BEDOK,4,92,315000,58,1
BEDOK,4,92,352000,57,10
BEDOK,4,92,580000,85,7
BEDOK,4,92,320000,57,7
BEDOK,4,91,335000,57,1
BEDOK,4,92,522000,85,1
BEDOK,4,92,365000,57,7
BEDOK,4,92,340000,57,4
BEDOK,4,92,350000,57,10
BEDOK,4,92,345000,57,4
BEDOK,4,92,400000,57,1
BEDOK,4,87,670000,93,13
BEDOK,4,84,375000,66,10
BEDOK,4,94,390000,61,10
BEDOK,4,94,368000,61,10
BEDOK,4,105,443288,63,7
BEDOK,4,103,420000,66,7
BEDOK,4,92,330000,60,1
BEDOK,4,103,440000,63,7
BEDOK,4,91,350000,64,1
BEDOK,4,103,440000,63,7
BEDOK,4,93,405000,64,10
BEDOK,4,92,358000,64,10
BEDOK,4,105,530000,80,7
BEDOK,4,107,520000,80,4
BEDOK,4,105,565000,80,16
BEDOK,4,84,313000,56,7
BEDOK,4,90,340000,56,13
BEDOK,4,82,368000,55,7
BEDOK,4,90,337000,56,7
BEDOK,4,90,338000,56,13
BEDOK,4,83,384888,64,7
BEDOK,4,108,492500,76,4
BEDOK,4,108,448000,76,1
BEDOK,4,108,470000,75,4
BEDOK,4,108,465000,76,1
BEDOK,4,107,483000,75,7
BEDOK,4,104,495000,76,13
BEDOK,4,104,650000,68,10
BEDOK,4,92,415000,57,7
BEDOK,4,92,425000,57,13
BEDOK,5,123,550000,58,16
BEDOK,5,121,628000,77,10
BEDOK,5,117,400000,57,1
BEDOK,5,105,790000,93,4
BEDOK,5,122,468000,66,7
BEDOK,5,121,485000,60,7
BEDOK,5,122,480000,66,4
BEDOK,5,139,625000,63,10
BEDOK,5,140,620000,63,1
BEDOK,5,121,485000,62,4
BEDOK,5,120,438000,61,4
BEDOK,5,115,638000,80,13
BEDOK,5,115,558000,80,4
BEDOK,5,117,638000,80,16
BEDOK,5,118,600000,57,19
BEDOK,5,115,497000,57,10
BEDOK,5,128,575000,76,4
BEDOK,5,128,530000,76,4
BEDOK,5,132,612000,75,4
BEDOK,5,120,680000,68,1
BEDOK,6,145,779000,75,1
BEDOK,6,146,870000,68,4
BEDOK,2,45,180000,58,7
BEDOK,3,67,250000,58,1
BEDOK,3,83,290000,59,4
BEDOK,3,68,275000,59,1
BEDOK,3,67,235000,56,1
BEDOK,3,67,268000,56,1
BEDOK,3,59,233000,57,4
BEDOK,3,59,220000,57,1
BEDOK,3,67,288000,58,1
BEDOK,3,82,335000,58,7
BEDOK,3,59,235000,57,4
BEDOK,3,60,235000,65,1
BEDOK,3,73,285000,57,1
BEDOK,3,83,360000,59,1
BEDOK,3,68,305000,58,1
BEDOK,3,67,270000,57,7
BEDOK,3,68,245000,58,7
BEDOK,3,68,263800,59,4
BEDOK,3,68,263000,58,7
BEDOK,3,68,278000,59,4
BEDOK,3,82,320000,64,1
BEDOK,3,68,240000,59,7
BEDOK,3,68,250000,58,7
BEDOK,3,60,230000,65,4
BEDOK,3,68,270000,58,1
BEDOK,3,68,240000,59,1
BEDOK,3,59,215000,57,1
BEDOK,3,68,235000,59,1
BEDOK,3,66,508000,93,7
BEDOK,3,66,505000,93,13
BEDOK,3,82,325000,60,4
BEDOK,3,68,265000,61,1
BEDOK,3,65,260000,55,10
BEDOK,3,73,314000,56,4
BEDOK,3,65,255000,51,7
BEDOK,3,68,230000,60,1
BEDOK,4,94,672000,89,1
BEDOK,4,92,365000,58,13
BEDOK,4,92,380000,58,7
BEDOK,4,92,431000,58,10
BEDOK,4,92,380000,57,10
BEDOK,4,92,468000,58,10
BEDOK,4,92,375000,57,7
BEDOK,4,91,356000,57,4
BEDOK,4,92,425000,58,10
BEDOK,4,85,675000,93,7
BEDOK,4,84,378000,66,7
BEDOK,4,93,380000,64,1
BEDOK,4,98,368000,59,4
BEDOK,4,84,320000,66,1
BEDOK,4,93,412000,64,4
BEDOK,4,84,345000,56,13
BEDOK,4,84,348000,65,4
BEDOK,4,104,438000,63,7
BEDOK,4,91,380000,61,7
BEDOK,4,91,418000,64,13
BEDOK,4,107,473000,76,13
BEDOK,4,84,318000,56,4
BEDOK,5,119,565000,58,13
BEDOK,5,118,630000,59,19
BEDOK,5,119,580000,57,25
BEDOK,5,120,608000,77,13
BEDOK,5,123,480000,57,4
BEDOK,5,117,440000,57,4
BEDOK,5,117,430000,57,13
BEDOK,5,121,425000,61,1
BEDOK,5,118,500000,57,4
BEDOK,5,128,595000,72,4
BEDOK,5,133,515000,62,4
BEDOK,5,123,550000,72,10
BEDOK,5,125,650000,68,4
BEDOK,5,118,595000,56,25
BEDOK,5,118,605000,56,25
BEDOK,5,118,580000,56,16
BEDOK,6,143,740000,72,7
BEDOK,6,144,716000,73,10
BEDOK,6,151,670000,64,1
BEDOK,3,68,285000,59,10
BEDOK,3,67,293000,58,7
BEDOK,3,67,260000,58,4
BEDOK,3,67,295000,57,4
BEDOK,3,82,310000,57,7
BEDOK,3,67,265000,56,7
BEDOK,3,82,332000,56,13
BEDOK,3,59,235000,57,7
BEDOK,3,60,250000,65,10
BEDOK,3,67,275000,57,7
BEDOK,3,59,268000,57,10
BEDOK,3,67,262000,58,1
BEDOK,3,59,237000,57,7
BEDOK,3,68,263000,58,7
BEDOK,3,59,226000,57,1
BEDOK,3,67,241000,58,10
BEDOK,3,68,245000,59,4
BEDOK,3,67,238000,58,1
BEDOK,3,82,308888,59,4
BEDOK,3,68,290000,59,10
BEDOK,3,67,285000,58,10
BEDOK,3,82,328000,59,10
BEDOK,3,67,250000,58,1
BEDOK,3,67,245000,64,7
BEDOK,3,70,275000,64,4
BEDOK,3,67,288000,62,7
BEDOK,3,68,280000,60,7
BEDOK,3,68,260000,60,1
BEDOK,3,68,278000,61,4
BEDOK,3,68,280000,60,4
BEDOK,3,68,300000,59,7
BEDOK,3,68,300000,60,7
BEDOK,3,65,250500,55,13
BEDOK,3,59,243000,55,10
BEDOK,3,65,272000,53,10
BEDOK,3,73,290000,53,4
BEDOK,3,73,280000,53,7
BEDOK,3,67,300000,64,10
BEDOK,3,67,280000,64,13
BEDOK,3,67,288000,64,7
BEDOK,3,65,292000,56,13
BEDOK,3,60,268000,64,7
BEDOK,4,92,395000,57,13
BEDOK,4,92,335000,58,4
BEDOK,4,91,368000,56,10
BEDOK,4,92,420000,58,7
BEDOK,4,91,355000,57,10
BEDOK,4,85,630000,85,16
BEDOK,4,92,398000,58,7
BEDOK,4,92,320000,57,4
BEDOK,4,92,390000,57,7
BEDOK,4,92,330000,59,4
BEDOK,4,92,325000,59,10
BEDOK,4,92,375000,58,13
BEDOK,4,87,718000,93,13
BEDOK,4,87,663000,93,10
BEDOK,4,87,670000,93,13
BEDOK,4,87,655000,93,1
BEDOK,4,93,388000,59,4
BEDOK,4,91,400000,60,10
BEDOK,4,91,386500,60,10
BEDOK,4,104,415000,63,4
BEDOK,4,89,380000,66,1
BEDOK,4,98,400000,59,10
BEDOK,4,104,405000,66,1
BEDOK,4,91,365000,64,1
BEDOK,4,93,388000,64,10
BEDOK,4,93,395000,62,10
BEDOK,4,107,535000,79,4
BEDOK,4,105,533800,79,7
BEDOK,4,105,525000,79,13
BEDOK,4,90,338000,56,1
BEDOK,4,82,330000,55,1
BEDOK,4,82,315000,55,7
BEDOK,4,105,486000,64,7
BEDOK,4,84,309000,56,7
BEDOK,4,91,350000,61,10
BEDOK,4,90,500000,80,7
BEDOK,4,108,480000,75,7
BEDOK,4,106,500000,75,13
BEDOK,5,119,600000,57,19
BEDOK,5,118,660000,59,25
BEDOK,5,118,633000,59,16
BEDOK,5,123,470000,57,4
BEDOK,5,132,615000,72,4
BEDOK,5,123,490000,57,10
BEDOK,5,117,380000,57,1
BEDOK,5,136,590000,58,7
BEDOK,5,123,465000,61,10
BEDOK,5,123,488000,72,13
BEDOK,5,122,448000,66,4
BEDOK,5,125,470000,64,10
BEDOK,5,121,500000,72,7
BEDOK,5,115,650000,79,13
BEDOK,5,118,638000,57,22
BEDOK,5,133,765000,74,13
BEDOK,5,115,512800,57,19
BEDOK,5,133,525000,62,4
BEDOK,5,126,610000,72,4
BEDOK,5,128,610000,75,7
BEDOK,5,120,615000,56,22
BEDOK,6,143,758000,72,13
BEDOK,6,142,680000,72,7
BEDOK,6,143,798888,72,13
BEDOK,6,148,580000,64,7
BEDOK,6,150,630000,64,4
BEDOK,6,146,740000,72,4
BEDOK,2,45,225000,65,1
BEDOK,3,82,315000,63,4
BEDOK,3,68,285000,59,10
BEDOK,3,67,305000,57,10
BEDOK,3,82,346800,58,7
BEDOK,3,67,285000,58,7
BEDOK,3,67,248000,58,1
BEDOK,3,82,278000,57,10
BEDOK,3,67,300000,57,10
BEDOK,3,59,230000,56,7
BEDOK,3,67,293000,58,1
BEDOK,3,60,240000,65,7
BEDOK,3,67,260000,58,13
BEDOK,3,59,225000,57,10
BEDOK,3,59,223000,57,13
BEDOK,3,59,225000,57,4
BEDOK,3,68,250000,58,4
BEDOK,3,67,260000,58,7
BEDOK,3,68,240000,58,4
BEDOK,3,68,279000,58,13
BEDOK,3,67,258000,64,4
BEDOK,3,67,500000,93,1
BEDOK,3,67,495000,93,10
BEDOK,3,66,500000,93,4
BEDOK,3,67,280000,65,4
BEDOK,3,73,285000,64,1
BEDOK,3,67,285000,64,7
BEDOK,3,67,267000,64,1
BEDOK,3,68,287000,59,4
BEDOK,3,67,278000,61,7
BEDOK,3,84,340000,61,4
BEDOK,3,67,290000,61,1
BEDOK,3,73,262000,57,4
BEDOK,3,75,325000,62,10
BEDOK,3,67,270000,64,4
BEDOK,4,93,350888,59,7
BEDOK,4,92,390000,58,7
BEDOK,4,92,380000,57,4
BEDOK,4,92,380000,57,10
BEDOK,4,92,350000,58,13
BEDOK,4,92,385000,57,7
BEDOK,4,95,340000,59,7
BEDOK,4,89,340000,57,1
BEDOK,4,87,660000,93,7
BEDOK,4,104,420000,63,10
BEDOK,4,98,377000,61,7
BEDOK,4,104,436000,66,7
BEDOK,4,101,395000,61,1
BEDOK,4,102,418000,77,1
BEDOK,4,92,350000,64,7
BEDOK,4,84,355000,66,10
BEDOK,4,93,375000,60,7
BEDOK,4,84,338000,66,10
BEDOK,4,84,375000,66,1
BEDOK,4,84,357000,66,10
BEDOK,4,105,547000,79,10
BEDOK,4,105,525000,79,4
BEDOK,4,84,330000,56,10
BEDOK,4,90,340000,56,13
BEDOK,4,90,338000,56,1
BEDOK,4,90,346000,56,13
BEDOK,4,84,368000,56,10
BEDOK,4,84,360000,56,10
BEDOK,4,82,333000,53,1
BEDOK,4,108,492000,75,7
BEDOK,4,108,498000,75,10
BEDOK,4,104,652000,68,4
BEDOK,5,119,590000,58,22
BEDOK,5,119,575000,57,25
BEDOK,5,117,450000,57,13
BEDOK,5,109,815000,93,7
BEDOK,5,121,430000,61,7
BEDOK,5,121,405000,64,1
BEDOK,5,121,430000,61,10
BEDOK,5,121,528000,59,10
BEDOK,5,121,488000,59,4
BEDOK,5,115,615000,79,13
BEDOK,5,115,588000,79,7
BEDOK,5,120,490000,56,4
BEDOK,5,123,620000,56,16
BEDOK,5,117,570000,54,7
BEDOK,5,128,608000,75,7
BEDOK,5,129,810000,68,13
BEDOK,5,118,470000,56,1
BEDOK,5,115,600000,56,16
BEDOK,6,174,740000,58,7
BEDOK,6,146,732000,72,7
BEDOK,6,146,800000,72,4
BEDOK,6,150,668000,65,7
BEDOK,6,151,640000,64,1
BEDOK,2,44,195000,57,4
BEDOK,2,45,205000,64,10
BEDOK,2,47,240000,95,1
BEDOK,3,67,295000,58,10
BEDOK,3,67,280000,58,10
BEDOK,3,67,253000,56,7
BEDOK,3,67,267000,57,4
BEDOK,3,67,265000,57,7
BEDOK,3,67,278000,57,10
BEDOK,3,67,278000,56,1
BEDOK,3,67,280000,57,4
BEDOK,3,67,263000,56,10
BEDOK,3,68,288000,57,10
BEDOK,3,67,270000,57,10
BEDOK,3,67,223000,57,1
BEDOK,3,67,270000,57,10
BEDOK,3,82,340000,58,13
BEDOK,3,59,200000,57,4
BEDOK,3,69,268000,64,7
BEDOK,3,59,215000,57,4
BEDOK,3,60,250000,64,13
BEDOK,3,68,250000,58,7
BEDOK,3,67,268000,64,7
BEDOK,3,68,252000,59,1
BEDOK,3,66,515000,93,13
BEDOK,3,63,300000,67,10
BEDOK,3,70,310000,65,1
BEDOK,3,64,265000,66,4
BEDOK,3,69,270000,64,7
BEDOK,3,63,263000,67,1
BEDOK,3,64,303000,67,4
BEDOK,3,68,285000,61,10
BEDOK,3,68,267000,65,4
BEDOK,3,65,258000,54,7
BEDOK,3,65,243000,54,4
BEDOK,3,67,275000,56,7
BEDOK,3,82,300000,57,1
BEDOK,3,67,260000,57,7
BEDOK,3,75,325000,51,10
BEDOK,3,65,260000,51,10
BEDOK,3,68,280000,59,7
BEDOK,3,68,226000,60,7
BEDOK,3,67,320000,64,13
BEDOK,3,82,330000,60,7
BEDOK,3,67,275000,64,1
BEDOK,3,68,260000,60,10
BEDOK,3,68,275000,60,10
BEDOK,3,65,270000,56,13
BEDOK,3,65,268000,56,4
BEDOK,4,91,410000,57,10
BEDOK,4,93,330000,59,1
BEDOK,4,92,340000,58,7
BEDOK,4,92,390000,57,1
BEDOK,4,92,420000,59,7
BEDOK,4,92,328000,58,7
BEDOK,4,92,605000,84,13
BEDOK,4,92,399000,57,10
BEDOK,4,92,435000,57,7
BEDOK,4,91,370000,59,1
BEDOK,4,85,599000,84,19
BEDOK,4,92,380000,57,10
BEDOK,4,91,340000,56,4
BEDOK,4,91,320000,57,1
BEDOK,4,83,335000,57,7
BEDOK,4,92,405000,57,4
BEDOK,4,92,390000,57,1
BEDOK,4,87,670000,93,7
BEDOK,4,86,735000,93,10
BEDOK,4,87,715000,93,10
BEDOK,4,87,655000,93,13
BEDOK,4,103,410000,65,7
BEDOK,4,91,362000,64,4
BEDOK,4,84,365000,65,7
BEDOK,4,84,345000,65,4
BEDOK,4,107,562000,79,19
BEDOK,4,84,317000,56,1
BEDOK,4,84,340000,56,7
BEDOK,4,90,390000,56,7
BEDOK,4,92,383000,57,4
BEDOK,4,91,360000,60,10
BEDOK,4,106,505000,75,10
BEDOK,4,106,460000,75,4
BEDOK,4,104,650000,67,7
BEDOK,4,92,380000,57,4
BEDOK,4,84,303000,56,7
BEDOK,5,121,453000,59,1
BEDOK,5,123,550000,57,16
BEDOK,5,123,510000,57,10
BEDOK,5,105,822000,93,13
BEDOK,5,123,568888,77,7
BEDOK,5,121,473000,59,4
BEDOK,5,126,400000,61,1
BEDOK,5,140,570000,62,1
BEDOK,5,115,591000,79,13
BEDOK,5,117,520000,53,7
BEDOK,5,120,535000,56,22
BEDOK,6,145,690000,72,4
BEDOK,6,143,680000,72,1
BEDOK,6,144,670000,72,7
BEDOK,6,149,675000,65,4
BEDOK,6,141,699999,74,7
BEDOK,6,145,800000,75,7
BEDOK,3,82,315000,58,1
BEDOK,3,67,265000,58,4
BEDOK,3,70,280000,56,10
BEDOK,3,73,310000,58,1
BEDOK,3,67,277000,56,7
BEDOK,3,60,240000,64,7
BEDOK,3,67,243000,64,10
BEDOK,3,68,260000,61,1
BEDOK,3,70,310000,66,1
BEDOK,3,73,300000,54,13
BEDOK,3,68,240100,60,7
BEDOK,3,68,266000,60,7
BEDOK,4,92,420000,57,7
BEDOK,4,92,335000,58,1
BEDOK,4,92,440000,57,7
BEDOK,4,91,400000,60,4
BEDOK,5,119,578000,57,10
BEDOK,5,121,470000,61,4
BEDOK,6,148,780000,62,13
BEDOK,3,67,300000,57,4
BEDOK,3,67,255000,58,1
BEDOK,3,67,278000,64,4
BEDOK,3,59,245000,54,7
BEDOK,3,73,330000,56,10
BEDOK,3,67,244000,57,1
BEDOK,4,92,345000,57,4
BEDOK,4,92,320000,58,1
BEDOK,4,85,580000,84,7
BEDOK,4,92,460000,57,16
BEDOK,4,95,322000,59,10
BEDOK,4,103,420000,65,4
BEDOK,4,103,440000,63,7
BEDOK,4,93,380000,60,7
BEDOK,4,93,394000,64,7
BEDOK,4,96,402000,64,10
BEDOK,4,102,455000,76,7
BEDOK,4,84,310000,56,10
BEDOK,4,93,650000,95,13
BEDOK,5,121,488000,61,7
BEDOK,6,141,700000,71,10
BEDOK,6,151,640000,65,13
BEDOK,2,45,200000,58,4
BEDOK,2,44,202000,57,10
BEDOK,2,45,215000,64,10
BEDOK,3,67,280000,58,4
BEDOK,3,68,280000,59,1
BEDOK,3,67,252000,58,1
BEDOK,3,67,270000,58,1
BEDOK,3,67,300000,57,1
BEDOK,3,67,304000,57,7
BEDOK,3,67,320000,58,7
BEDOK,3,67,252000,58,10
BEDOK,3,67,220000,57,1
BEDOK,3,67,250000,57,1
BEDOK,3,82,305000,58,13
BEDOK,3,67,260000,56,4
BEDOK,3,67,278000,57,4
BEDOK,3,67,300000,56,10
BEDOK,3,67,256800,57,1
BEDOK,3,59,240000,56,4
BEDOK,3,88,335000,57,4
BEDOK,3,67,310000,57,10
BEDOK,3,67,290000,57,7
BEDOK,3,73,300000,57,10
BEDOK,3,70,251000,56,1
BEDOK,3,73,267000,56,10
BEDOK,3,68,365000,58,1
BEDOK,3,68,288000,57,4
BEDOK,3,68,308000,57,10
BEDOK,3,67,275000,57,13
BEDOK,3,67,260000,56,1
BEDOK,3,67,257000,56,1
BEDOK,3,60,238000,64,4
BEDOK,3,82,350000,58,10
BEDOK,3,68,290000,58,7
BEDOK,3,60,240000,64,1
BEDOK,3,68,272000,58,7
BEDOK,3,67,250000,64,4
BEDOK,3,68,260000,58,7
BEDOK,3,68,261000,58,4
BEDOK,3,59,230000,57,4
BEDOK,3,68,238000,59,7
BEDOK,3,59,225000,56,4
BEDOK,3,68,276000,59,10
BEDOK,3,64,295000,67,7
BEDOK,3,68,273000,60,1
BEDOK,3,60,260000,64,4
BEDOK,3,70,290000,65,1
BEDOK,3,68,282000,61,10
BEDOK,3,73,280000,61,1
BEDOK,3,67,290000,64,7
BEDOK,3,68,260000,61,7
BEDOK,3,65,253000,54,1
BEDOK,3,67,250000,56,1
BEDOK,3,66,288000,62,13
BEDOK,3,80,275000,63,1
BEDOK,3,75,325000,62,7
BEDOK,3,65,245000,51,1
BEDOK,3,68,230000,60,4
BEDOK,3,68,270000,59,4
BEDOK,3,82,318000,59,7
BEDOK,3,67,288000,64,10
BEDOK,3,67,300000,64,10
BEDOK,3,65,287000,56,13
BEDOK,3,73,290000,57,4
BEDOK,3,65,260000,56,4
BEDOK,3,66,235000,53,1
BEDOK,3,65,280000,56,7
BEDOK,3,73,340000,57,4
BEDOK,4,94,638888,89,1
BEDOK,4,92,338000,58,4
BEDOK,4,92,340000,58,1
BEDOK,4,92,370000,57,10
BEDOK,4,92,375000,58,7
BEDOK,4,92,658000,84,19
BEDOK,4,91,378000,57,13
BEDOK,4,92,358000,57,13
BEDOK,4,92,425000,57,13
BEDOK,4,92,390000,57,1
BEDOK,4,83,345000,57,4
BEDOK,4,92,342000,59,4
BEDOK,4,92,320000,58,1
BEDOK,4,92,320000,58,4
BEDOK,4,87,640000,93,10
BEDOK,4,87,688000,93,10
BEDOK,4,87,676000,93,7
BEDOK,4,104,450000,62,7
BEDOK,4,102,438000,76,7
BEDOK,4,88,388000,67,4
BEDOK,4,98,350000,64,1
BEDOK,4,104,412000,62,7
BEDOK,4,103,395000,66,1
BEDOK,4,91,385000,61,4
BEDOK,4,91,370000,64,4
BEDOK,4,107,552000,79,4
BEDOK,4,104,588000,79,7
BEDOK,4,105,515000,79,7
BEDOK,4,105,570000,79,13
BEDOK,4,92,365000,56,7
BEDOK,4,83,358000,63,4
BEDOK,4,105,500000,63,10
BEDOK,4,82,375000,53,10
BEDOK,4,93,635000,95,10
BEDOK,4,91,340000,60,10
BEDOK,4,92,430000,64,10
BEDOK,4,106,440000,75,1
BEDOK,4,106,618000,68,1
BEDOK,4,84,362000,56,16
BEDOK,4,92,365000,57,4
BEDOK,5,118,660000,59,22
BEDOK,5,125,470000,57,1
BEDOK,5,123,410000,57,4
BEDOK,5,117,435000,57,7
BEDOK,5,105,785000,93,4
BEDOK,5,122,450000,65,4
BEDOK,5,122,475000,65,13
BEDOK,5,122,470000,65,4
BEDOK,5,125,445000,60,7
BEDOK,5,115,625000,79,13
BEDOK,5,117,645000,79,10
BEDOK,5,126,590000,72,1
BEDOK,5,127,580000,75,4
BEDOK,5,128,600000,75,13
BEDOK,5,126,545000,71,7
BEDOK,5,126,575000,75,1
BEDOK,5,133,570000,75,1
BEDOK,5,121,718000,67,4
BEDOK,5,121,702000,67,7
BEDOK,5,118,550000,56,13
BEDOK,5,118,530000,56,19
BEDOK,6,163,768000,56,10
BEDOK,6,143,730000,72,4
BEDOK,6,143,643000,65,4
BEDOK,6,143,625000,65,4
BEDOK,6,143,615000,65,10
BEDOK,6,146,720000,72,7
BEDOK,6,143,726000,72,7
BEDOK,6,147,750000,72,13
BEDOK,6,145,810000,75,4
BEDOK,3,70,295000,56,1
BEDOK,2,44,195000,56,13
BEDOK,2,45,210000,64,13
BEDOK,2,45,210000,64,7
BEDOK,2,45,205500,64,10
BEDOK,2,45,222000,65,4
BEDOK,3,69,455000,88,4
BEDOK,3,69,510000,88,16
BEDOK,3,83,295000,58,1
BEDOK,3,68,250000,59,10
BEDOK,3,67,285000,58,4
BEDOK,3,67,298000,57,7
BEDOK,3,67,300000,57,4
BEDOK,3,67,260000,56,4
BEDOK,3,73,300000,56,10
BEDOK,3,67,288000,57,4
BEDOK,3,67,265000,56,10
BEDOK,3,60,240000,64,7
BEDOK,3,67,280000,56,4
BEDOK,3,68,326000,57,4
BEDOK,3,73,335000,58,7
BEDOK,3,88,388000,58,7
BEDOK,3,68,320000,56,4
BEDOK,3,67,305000,56,10
BEDOK,3,67,275000,56,7
BEDOK,3,67,280000,56,7
BEDOK,3,67,268000,56,10
BEDOK,3,67,288000,56,7
BEDOK,3,82,315000,56,1
BEDOK,3,67,270000,56,4
BEDOK,3,59,233000,56,4
BEDOK,3,60,261500,64,7
BEDOK,3,68,241500,58,7
BEDOK,3,60,215000,64,1
BEDOK,3,60,238000,64,4
BEDOK,3,67,240000,64,1
BEDOK,3,68,260000,58,10
BEDOK,3,67,240000,58,7
BEDOK,3,68,241000,58,4
BEDOK,3,67,265000,64,10
BEDOK,3,68,230000,58,1
BEDOK,3,68,275000,58,7
BEDOK,3,60,250000,64,10
BEDOK,3,59,242000,56,13
BEDOK,3,68,256000,58,10
BEDOK,3,66,495000,93,4
BEDOK,3,68,284000,60,4
BEDOK,3,67,270000,61,4
BEDOK,3,63,278000,67,4
BEDOK,3,67,240000,64,10
BEDOK,3,68,285000,60,1
BEDOK,3,67,282000,64,7
BEDOK,3,67,270000,61,4
BEDOK,3,60,254000,64,7
BEDOK,3,68,270000,59,4
BEDOK,3,68,272500,60,1
BEDOK,3,64,260000,65,1
BEDOK,3,68,302000,60,7
BEDOK,3,73,316000,54,7
BEDOK,3,65,257000,54,4
BEDOK,3,59,276388,54,13
BEDOK,3,65,245000,54,10
BEDOK,3,65,252000,54,4
BEDOK,3,73,288000,56,1
BEDOK,3,67,265000,57,4
BEDOK,3,67,255000,57,10
BEDOK,3,65,260000,52,13
BEDOK,3,75,300000,62,4
BEDOK,3,75,290000,62,7
BEDOK,3,75,318000,62,10
BEDOK,3,68,433000,95,1
BEDOK,3,68,278000,58,4
BEDOK,3,65,295000,55,7
BEDOK,3,65,273000,55,7
BEDOK,3,65,250000,55,1
BEDOK,3,68,278000,64,1
BEDOK,3,68,315000,57,4
BEDOK,3,65,285000,61,7
BEDOK,3,76,280000,55,7
BEDOK,4,92,418000,57,10
BEDOK,4,91,360000,57,1
BEDOK,4,92,390000,57,1
BEDOK,4,92,430000,57,13
BEDOK,4,92,423000,56,10
BEDOK,4,92,382000,56,7
BEDOK,4,97,378000,56,4
BEDOK,4,92,360000,58,10
BEDOK,4,92,371000,58,4
BEDOK,4,93,310000,58,1
BEDOK,4,92,405000,58,13
BEDOK,4,92,332000,58,7
BEDOK,4,87,718000,93,13
BEDOK,4,87,660000,93,10
BEDOK,4,87,670000,93,7
BEDOK,4,87,705000,93,10
BEDOK,4,87,692000,93,13
BEDOK,4,87,680000,93,7
BEDOK,4,85,597000,93,1
BEDOK,4,84,355000,65,7
BEDOK,4,88,380000,67,1
BEDOK,4,83,360000,66,7
BEDOK,4,104,400000,62,4
BEDOK,4,91,350000,59,1
BEDOK,4,96,378888,63,7
BEDOK,4,103,419000,63,1
BEDOK,4,105,550000,79,16
BEDOK,4,82,310000,54,1
BEDOK,4,90,310000,56,10
BEDOK,4,84,300000,56,10
BEDOK,4,84,388000,64,10
BEDOK,4,84,355000,56,7
BEDOK,4,84,350000,56,13
BEDOK,4,105,415000,62,10
BEDOK,4,93,680000,95,13
BEDOK,4,104,530000,71,4
BEDOK,4,93,615000,95,7
BEDOK,4,93,650000,95,10
BEDOK,4,94,355000,59,13
BEDOK,4,108,488000,75,7
BEDOK,4,84,306000,56,10
BEDOK,4,92,378000,56,1
BEDOK,5,121,450000,59,4
BEDOK,5,121,430000,58,1
BEDOK,5,119,470000,57,1
BEDOK,5,105,780000,93,4
BEDOK,5,105,792000,93,7
BEDOK,5,105,843000,93,10
BEDOK,5,105,786000,93,13
BEDOK,5,153,740000,62,7
BEDOK,5,121,423000,59,1
BEDOK,5,121,470000,59,7
BEDOK,5,121,430000,60,7
BEDOK,5,120,410000,60,1
BEDOK,5,123,464000,64,10
BEDOK,5,121,418000,64,4
BEDOK,5,121,480000,59,10
BEDOK,5,115,608000,79,16
BEDOK,5,122,510000,64,1
BEDOK,5,123,560000,56,7
BEDOK,5,121,455000,60,4
BEDOK,5,122,580000,71,7
BEDOK,5,127,545000,75,4
BEDOK,5,128,511000,75,1
BEDOK,5,126,595000,75,4
BEDOK,6,150,645000,64,10
BEDOK,6,142,788888,71,16
BEDOK,6,142,670000,71,4
BEDOK,6,146,745000,72,13
BEDOK,6,148,690000,62,4
BEDOK,6,143,647000,65,4
BEDOK,6,146,890000,67,7
BEDOK,4,93,350000,60,1
BEDOK,2,45,215000,57,4
BEDOK,2,44,197000,56,7
BEDOK,2,44,215000,56,1
BEDOK,3,67,275000,57,4
BEDOK,3,67,273000,57,7
BEDOK,3,67,270000,57,1
BEDOK,3,67,320000,57,7
BEDOK,3,67,300000,57,13
BEDOK,3,67,265000,57,10
BEDOK,3,67,280000,56,10
BEDOK,3,59,235000,56,10
BEDOK,3,82,285000,56,1
BEDOK,3,59,245000,56,10
BEDOK,3,59,230000,56,1
BEDOK,3,73,285000,56,1
BEDOK,3,59,220000,56,7
BEDOK,3,67,262000,56,4
BEDOK,3,68,260000,58,4
BEDOK,3,59,232000,56,13
BEDOK,3,59,235000,56,1
BEDOK,3,67,265000,58,4
BEDOK,3,68,275000,58,7
BEDOK,3,69,300000,64,10
BEDOK,3,68,265000,58,1
BEDOK,3,70,265000,56,10
BEDOK,3,68,245000,58,1
BEDOK,3,67,237000,58,4
BEDOK,3,68,257000,58,7
BEDOK,3,66,450000,93,7
BEDOK,3,66,493000,93,7
BEDOK,3,66,483000,92,1
BEDOK,3,81,330000,60,7
BEDOK,3,68,285000,59,7
BEDOK,3,60,210000,65,1
BEDOK,3,68,273000,59,4
BEDOK,3,68,285000,65,4
BEDOK,3,82,330000,59,4
BEDOK,3,68,280000,60,4
BEDOK,3,64,275000,65,4
BEDOK,3,68,275000,59,1
BEDOK,3,68,266000,59,10
BEDOK,3,68,278000,59,7
BEDOK,3,68,285000,59,7
BEDOK,3,68,278000,59,1
BEDOK,3,67,300000,60,7
BEDOK,3,82,300000,59,1
BEDOK,3,73,300000,55,4
BEDOK,3,59,248000,54,10
BEDOK,3,65,274000,54,10
BEDOK,3,67,270000,56,4
BEDOK,3,67,265000,57,13
BEDOK,3,66,300000,61,13
BEDOK,3,75,300000,62,4
BEDOK,3,75,285000,62,1
BEDOK,3,65,250000,50,7
BEDOK,3,68,270000,58,10
BEDOK,3,68,248000,60,10
BEDOK,3,68,240000,59,4
BEDOK,3,67,292000,63,7
BEDOK,3,65,270000,55,1
BEDOK,3,60,282000,64,10
BEDOK,3,65,285000,55,7
BEDOK,4,87,660000,88,7
BEDOK,4,97,735000,88,16
BEDOK,4,92,433800,58,7
BEDOK,4,92,378000,58,1
BEDOK,4,92,430000,58,10
BEDOK,4,92,350000,57,10
BEDOK,4,92,345000,57,4
BEDOK,4,92,375000,57,4
BEDOK,4,92,400000,57,10
BEDOK,4,92,471888,84,1
BEDOK,4,91,342000,56,4
BEDOK,4,92,360000,56,10
BEDOK,4,92,605000,84,7
BEDOK,4,92,400000,56,7
BEDOK,4,93,345000,58,1
BEDOK,4,95,395000,58,10
BEDOK,4,92,333000,57,7
BEDOK,4,87,733000,92,13
BEDOK,4,87,653000,93,4
BEDOK,4,91,360000,61,1
BEDOK,4,104,422000,62,4
BEDOK,4,91,400000,59,10
BEDOK,4,93,380000,64,10
BEDOK,4,84,380000,67,7
BEDOK,4,104,420000,62,7
BEDOK,4,103,427000,62,7
BEDOK,4,91,385000,59,1
BEDOK,4,92,380000,63,1
BEDOK,4,92,385000,59,4
BEDOK,4,88,378000,66,1
BEDOK,4,84,350000,65,1
BEDOK,4,95,385000,60,7
BEDOK,4,105,555000,79,7
BEDOK,4,90,338000,56,7
BEDOK,4,83,361000,63,7
BEDOK,4,84,300000,56,1
BEDOK,4,82,365000,53,13
BEDOK,4,93,640000,95,13
BEDOK,4,91,400000,61,7
BEDOK,4,93,618000,95,1
BEDOK,4,93,653000,95,13
BEDOK,4,93,638000,95,10
BEDOK,4,93,610000,95,7
BEDOK,4,88,610000,95,13
BEDOK,4,91,377000,59,13
BEDOK,4,91,358000,59,7
BEDOK,4,108,488000,74,4
BEDOK,4,104,620000,67,4
BEDOK,4,92,380000,56,7
BEDOK,5,112,840000,88,10
BEDOK,5,117,458000,57,1
BEDOK,5,120,480000,57,7
BEDOK,5,129,560000,56,10
BEDOK,5,117,410000,56,1
BEDOK,5,121,608000,76,4
BEDOK,5,105,840000,93,13
BEDOK,5,105,815000,92,7
BEDOK,5,105,803000,93,7
BEDOK,5,122,480000,65,4
BEDOK,5,121,455000,63,10
BEDOK,5,137,635000,63,7
BEDOK,5,122,460000,65,4
BEDOK,5,140,635000,62,10
BEDOK,5,115,560000,79,4
BEDOK,5,115,650000,79,16
BEDOK,5,133,725000,74,7
BEDOK,5,123,460000,57,4
BEDOK,5,122,580000,64,10
BEDOK,5,114,595000,53,13
BEDOK,5,120,625000,79,1
BEDOK,5,128,540000,75,4
BEDOK,5,129,700000,67,4
BEDOK,5,118,456000,55,1
BEDOK,5,118,466000,56,1
BEDOK,6,141,766000,71,13
BEDOK,6,150,640000,64,4
BEDOK,6,145,730000,71,7
BEDOK,6,145,703000,75,1
