town,flat_type,floor_area_sqm,resale_price,remaining_lease,storey_range
BISHAN,6,146,888000,74,4
BISHAN,3,68,275000,55,10
BISHAN,3,64,320000,68,10
BISHAN,3,64,395000,67,4
BISHAN,4,84,380000,70,4
BISHAN,4,84,475000,70,4
BISHAN,4,84,510000,68,4
BISHAN,4,83,513000,69,4
BISHAN,4,84,520000,69,1
BISHAN,4,84,530000,67,7
BISHAN,4,84,533000,68,7
BISHAN,4,83,583000,69,1
BISHAN,4,108,625000,74,13
BISHAN,4,95,808000,93,34
BISHAN,5,139,650000,74,4
BISHAN,5,121,658740,69,1
BISHAN,5,123,700000,72,7
BISHAN,5,120,728888,68,22
BISHAN,5,121,730000,69,7
BISHAN,5,121,760000,67,7
BISHAN,5,120,830000,93,4
BISHAN,6,143,895000,68,4
BISHAN,3,64,385000,70,1
BISHAN,3,64,400000,68,7
BISHAN,3,67,460000,66,4
BISHAN,4,84,448000,69,7
BISHAN,4,84,498888,68,10
BISHAN,4,84,545000,67,10
BISHAN,4,103,550000,74,4
BISHAN,4,105,555000,74,7
BISHAN,4,105,560000,72,7
BISHAN,4,103,570000,74,10
BISHAN,4,104,572000,74,13
BISHAN,4,102,600000,80,4
BISHAN,4,104,608000,74,7
BISHAN,4,103,610000,74,13
BISHAN,4,114,715000,74,7
BISHAN,4,95,765000,93,13
BISHAN,4,95,788888,93,22
BISHAN,4,95,790000,93,25
BISHAN,5,121,600000,66,1
BISHAN,5,136,680000,74,7
BISHAN,5,125,680000,71,4
BISHAN,5,121,685000,70,7
BISHAN,5,121,710000,68,1
BISHAN,5,120,723888,68,19
BISHAN,5,121,738000,68,13
BISHAN,5,123,738000,80,13
BISHAN,5,121,752500,66,10
BISHAN,5,123,768000,80,19
BISHAN,5,133,770000,74,4
BISHAN,5,121,790000,80,16
BISHAN,5,120,840000,93,1
BISHAN,5,120,890000,93,1
BISHAN,5,120,1180000,93,40
BISHAN,6,144,790000,70,1
BISHAN,6,144,820000,70,1
BISHAN,4,84,500000,69,7
BISHAN,5,120,985000,93,28
BISHAN,5,120,1000000,93,31
BISHAN,3,65,285000,55,10
BISHAN,3,65,285000,55,10
BISHAN,3,64,332000,69,10
BISHAN,4,84,475000,69,7
BISHAN,4,103,480000,74,4
BISHAN,4,105,488000,71,1
BISHAN,4,84,499888,67,1
BISHAN,4,84,500000,67,10
BISHAN,4,84,510000,67,4
BISHAN,4,84,535000,67,7
BISHAN,4,103,538000,71,4
BISHAN,4,105,540000,67,1
BISHAN,4,84,543000,67,4
BISHAN,4,88,555000,69,4
BISHAN,4,105,562000,74,1
BISHAN,4,103,580000,69,4
BISHAN,4,83,590000,70,4
BISHAN,4,88,603000,69,10
BISHAN,4,113,650000,71,1
BISHAN,4,105,695000,67,7
BISHAN,5,121,532000,69,1
BISHAN,5,121,678000,69,4
BISHAN,5,125,720000,71,16
BISHAN,5,121,725000,70,16
BISHAN,5,123,780000,80,16
BISHAN,5,134,785000,74,10
BISHAN,5,123,802000,80,25
BISHAN,5,120,810000,93,1
BISHAN,5,121,813000,69,10
BISHAN,5,120,935000,93,16
BISHAN,6,143,850000,74,1
BISHAN,6,147,893000,74,10
BISHAN,6,151,940000,68,13
BISHAN,6,146,1088000,69,10
BISHAN,3,64,345000,67,4
BISHAN,3,64,370000,68,1
BISHAN,3,67,460000,66,13
BISHAN,4,84,435000,69,4
BISHAN,4,84,450000,69,7
BISHAN,4,84,458000,68,4
BISHAN,4,84,485000,70,7
BISHAN,4,103,510000,71,1
BISHAN,4,88,520000,70,1
BISHAN,4,84,530000,67,7
BISHAN,4,84,535000,67,10
BISHAN,4,83,535000,69,4
BISHAN,4,106,549000,74,1
BISHAN,4,102,565000,74,4
BISHAN,4,107,568000,74,4
BISHAN,4,83,570000,69,7
BISHAN,4,114,573000,71,7
BISHAN,4,104,603888,74,4
BISHAN,4,103,622000,74,13
BISHAN,4,104,670000,67,7
BISHAN,4,102,688000,80,19
BISHAN,4,95,705000,93,1
BISHAN,4,95,745000,93,4
BISHAN,4,95,763000,93,22
BISHAN,5,122,705000,70,10
BISHAN,5,120,710000,67,19
BISHAN,5,121,750000,80,10
BISHAN,5,121,758000,70,7
BISHAN,5,121,780000,70,10
BISHAN,5,121,813800,69,13
BISHAN,5,120,950000,93,22
BISHAN,5,120,960000,93,22
BISHAN,5,120,995000,93,25
BISHAN,6,145,860000,74,1
BISHAN,6,153,905000,68,1
BISHAN,3,64,350000,70,4
BISHAN,3,64,380000,68,1
BISHAN,3,67,428000,66,7
BISHAN,4,84,385000,70,1
BISHAN,4,85,450000,69,1
BISHAN,4,84,470000,68,10
BISHAN,4,84,510000,69,7
BISHAN,4,90,555000,67,10
BISHAN,4,90,593000,67,7
BISHAN,4,91,610000,66,7
BISHAN,4,114,650000,74,13
BISHAN,4,103,652000,68,7
BISHAN,4,114,665000,74,7
BISHAN,4,112,673000,73,7
BISHAN,4,95,832000,93,28
BISHAN,4,84,470000,68,10
BISHAN,5,121,700000,69,10
BISHAN,5,121,705000,70,4
BISHAN,5,122,705000,69,4
BISHAN,5,121,728000,69,1
BISHAN,5,121,740000,68,4
BISHAN,5,121,750000,69,7
BISHAN,5,121,760000,70,16
BISHAN,5,131,775000,70,16
BISHAN,5,137,778000,73,13
BISHAN,5,123,779000,80,16
BISHAN,5,135,788000,74,4
BISHAN,5,121,805000,68,22
BISHAN,5,121,808000,67,4
BISHAN,5,131,820000,69,19
BISHAN,5,131,830000,74,13
BISHAN,5,120,875000,93,1
BISHAN,5,120,950000,93,19
BISHAN,5,120,980000,93,16
BISHAN,5,120,1000000,93,25
BISHAN,5,120,1006000,93,31
BISHAN,6,146,815000,74,1
BISHAN,6,146,918000,73,7
BISHAN,6,150,930000,74,4
BISHAN,6,169,960000,71,22
BISHAN,6,150,980000,69,22
BISHAN,3,64,315000,68,1
BISHAN,3,64,375000,69,1
BISHAN,3,64,405000,67,1
BISHAN,3,64,417000,69,10
BISHAN,3,67,420000,66,4
BISHAN,3,67,433000,66,7
BISHAN,4,88,460000,68,1
BISHAN,4,84,468000,67,1
BISHAN,4,84,490000,67,1
BISHAN,4,84,523000,67,7
BISHAN,4,84,526500,67,7
BISHAN,4,101,528000,80,1
BISHAN,4,105,540000,74,7
BISHAN,4,108,560000,74,1
BISHAN,4,107,560000,71,7
BISHAN,4,103,568000,74,13
BISHAN,4,103,568000,71,4
BISHAN,4,84,570000,68,7
BISHAN,4,103,570000,73,10
BISHAN,4,104,580000,70,7
BISHAN,4,88,590000,69,10
BISHAN,4,107,590000,73,13
BISHAN,4,100,640000,80,7
BISHAN,4,104,648888,73,13
BISHAN,4,106,723000,74,13
BISHAN,4,95,835000,93,34
BISHAN,4,84,468000,67,1
BISHAN,5,123,664800,71,4
BISHAN,5,121,695000,70,4
BISHAN,5,122,710000,70,7
BISHAN,5,121,710000,74,1
BISHAN,5,121,718000,69,4
BISHAN,5,121,720000,69,10
BISHAN,5,120,720000,67,16
BISHAN,5,131,740000,70,7
BISHAN,5,121,748000,69,1
BISHAN,5,121,770000,66,4
BISHAN,5,121,780000,70,19
BISHAN,5,134,808000,73,7
BISHAN,5,121,810000,68,10
BISHAN,5,139,810000,73,4
BISHAN,5,121,825000,68,13
BISHAN,5,126,873000,74,7
BISHAN,5,121,885000,73,7
BISHAN,5,120,1000000,93,19
BISHAN,5,120,1028888,93,34
BISHAN,6,146,755000,71,1
BISHAN,6,153,830000,68,1
BISHAN,6,143,895000,68,4
BISHAN,6,146,915000,69,1
BISHAN,6,146,930000,71,1
BISHAN,6,146,948000,73,4
BISHAN,6,153,1010000,69,10
BISHAN,3,64,428000,69,7
BISHAN,3,67,450000,66,10
BISHAN,4,108,470000,73,4
BISHAN,4,84,500000,67,4
BISHAN,4,84,512000,67,10
BISHAN,4,104,550000,73,10
BISHAN,4,103,563000,73,4
BISHAN,4,105,575000,73,7
BISHAN,4,104,576000,73,7
BISHAN,4,101,585000,73,7
BISHAN,4,103,598000,73,10
BISHAN,4,113,618000,74,10
BISHAN,4,103,630000,74,10
BISHAN,4,95,728000,93,4
BISHAN,4,95,810000,93,22
BISHAN,4,108,470000,73,4
BISHAN,5,122,668000,71,1
BISHAN,5,134,680000,74,13
BISHAN,5,121,725000,69,10
BISHAN,5,120,725000,67,19
BISHAN,5,127,760000,70,7
BISHAN,5,133,775000,73,7
BISHAN,5,121,778000,68,4
BISHAN,5,121,788000,68,22
BISHAN,5,121,788800,68,13
BISHAN,5,123,790000,79,4
BISHAN,5,121,790000,66,4
BISHAN,5,120,1028888,93,37
BISHAN,5,120,1038000,93,22
BISHAN,5,120,1050000,93,34
BISHAN,6,146,880000,73,10
BISHAN,6,142,1000000,69,10
BISHAN,6,163,1080000,68,19
BISHAN,3,68,257000,55,1
BISHAN,3,64,300000,68,1
BISHAN,3,64,355000,67,1
BISHAN,3,64,385000,69,1
BISHAN,4,88,388000,55,1
BISHAN,4,84,398000,69,1
BISHAN,4,84,470000,69,10
BISHAN,4,84,488000,68,4
BISHAN,4,84,495000,69,4
BISHAN,4,105,510000,71,10
BISHAN,4,84,525000,67,4
BISHAN,4,105,560000,73,1
BISHAN,4,104,568000,69,4
BISHAN,4,105,570000,73,4
BISHAN,4,109,580000,74,7
BISHAN,4,84,590000,69,10
BISHAN,4,106,590000,74,16
BISHAN,4,104,620000,74,7
BISHAN,4,106,622800,73,16
BISHAN,4,108,623000,73,13
BISHAN,4,115,628888,74,7
BISHAN,4,104,630000,67,4
BISHAN,4,116,650000,73,4
BISHAN,4,103,650000,73,16
BISHAN,4,108,670000,74,10
BISHAN,4,95,718000,92,4
BISHAN,4,84,470000,69,10
BISHAN,5,121,725000,68,10
BISHAN,5,122,725000,69,7
BISHAN,5,121,750000,70,7
BISHAN,5,120,750000,67,19
BISHAN,5,138,765000,73,10
BISHAN,5,121,815000,68,10
BISHAN,5,120,938000,92,7
BISHAN,5,120,1005000,93,13
BISHAN,6,147,830000,73,4
BISHAN,6,146,868000,74,4
BISHAN,6,148,890000,66,1
BISHAN,6,149,920000,73,13
BISHAN,6,150,950000,68,22
BISHAN,3,68,258000,55,10
BISHAN,3,64,320000,68,4
BISHAN,3,64,365000,70,1
BISHAN,3,64,420000,69,4
BISHAN,3,64,430000,69,10
BISHAN,3,64,460000,69,10
BISHAN,4,84,450500,69,1
BISHAN,4,84,468000,69,1
BISHAN,4,84,490000,67,10
BISHAN,4,105,520000,71,1
BISHAN,4,105,560000,67,4
BISHAN,4,105,560000,73,4
BISHAN,4,105,560000,71,1
BISHAN,4,88,566000,69,1
BISHAN,4,103,570000,73,4
BISHAN,4,108,575000,73,1
BISHAN,4,110,592000,71,7
BISHAN,4,105,600000,67,7
BISHAN,4,114,600000,71,7
BISHAN,4,104,605000,73,13
BISHAN,4,115,615000,71,1
BISHAN,4,105,635000,67,4
BISHAN,4,104,670000,67,7
BISHAN,4,105,680000,67,13
BISHAN,4,95,760000,93,13
BISHAN,4,104,800000,71,7
BISHAN,4,84,468000,69,1
BISHAN,5,121,682000,68,4
BISHAN,5,120,710000,67,16
BISHAN,5,134,720000,73,7
BISHAN,5,130,760000,69,19
BISHAN,5,133,800000,73,4
BISHAN,5,120,1055000,92,13
BISHAN,6,149,880000,73,4
BISHAN,6,146,888000,73,10
BISHAN,6,146,905000,68,1
BISHAN,6,174,960000,71,16
BISHAN,6,142,985000,68,4
BISHAN,3,68,260000,55,10
BISHAN,3,68,290000,55,10
BISHAN,3,65,300000,55,4
BISHAN,3,64,315000,67,4
BISHAN,3,64,355000,69,1
BISHAN,3,64,415000,69,10
BISHAN,4,84,450000,67,4
BISHAN,4,84,450000,69,1
BISHAN,4,84,455000,69,7
BISHAN,4,83,478000,68,4
BISHAN,4,84,520000,67,7
BISHAN,4,83,535000,69,7
BISHAN,4,104,535000,73,1
BISHAN,4,84,550000,67,10
BISHAN,4,84,550000,67,10
BISHAN,4,105,558000,73,1
BISHAN,4,84,560000,69,4
BISHAN,4,110,560000,73,1
BISHAN,4,103,600000,73,13
BISHAN,4,103,602000,73,7
BISHAN,4,104,603000,67,7
BISHAN,4,114,618000,71,4
BISHAN,4,103,640000,71,1
BISHAN,4,116,685000,73,7
BISHAN,4,103,766666,79,28
BISHAN,4,95,800000,92,22
BISHAN,5,121,620000,69,1
BISHAN,5,121,625000,68,4
BISHAN,5,121,628800,68,1
BISHAN,5,120,640000,71,1
BISHAN,5,121,740000,68,13
BISHAN,5,121,750000,68,7
BISHAN,5,133,755000,73,4
BISHAN,5,121,805000,79,13
BISHAN,5,120,815000,68,13
BISHAN,5,121,820000,68,16
BISHAN,5,139,820000,73,10
BISHAN,5,123,825000,79,28
BISHAN,5,120,828000,68,13
BISHAN,5,120,855000,92,4
BISHAN,5,120,985000,92,22
BISHAN,6,148,790000,73,1
BISHAN,3,67,263500,54,10
BISHAN,3,64,368000,67,4
BISHAN,4,84,460000,69,7
BISHAN,4,87,460000,68,4
BISHAN,4,84,465000,67,7
BISHAN,4,84,490000,69,1
BISHAN,4,84,500000,68,4
BISHAN,4,95,516000,71,1
BISHAN,4,84,528000,67,7
BISHAN,4,92,540000,66,4
BISHAN,4,84,540000,67,7
BISHAN,4,105,550000,73,1
BISHAN,4,95,550000,66,1
BISHAN,4,104,555000,73,4
BISHAN,4,104,575000,69,7
BISHAN,4,84,580000,68,1
BISHAN,4,88,585000,68,7
BISHAN,4,113,588000,73,4
BISHAN,4,103,595000,73,7
BISHAN,4,103,595000,79,4
BISHAN,4,103,605000,71,1
BISHAN,4,104,640000,67,4
BISHAN,4,114,688000,73,4
BISHAN,4,95,749000,92,7
BISHAN,4,103,765000,70,7
BISHAN,5,123,670000,79,13
BISHAN,5,120,700000,71,4
BISHAN,5,125,700000,71,13
BISHAN,5,121,737000,68,7
BISHAN,5,131,818000,69,19
BISHAN,5,120,1020000,92,25
BISHAN,6,141,918000,73,7
BISHAN,6,146,930000,73,4
BISHAN,3,64,400000,67,4
BISHAN,3,67,442000,66,4
BISHAN,4,105,620000,67,7
BISHAN,4,84,500000,67,7
BISHAN,4,105,642500,67,4
BISHAN,4,84,506888,68,4
BISHAN,4,105,560000,73,1
BISHAN,4,105,510000,73,1
BISHAN,4,104,525000,73,4
BISHAN,4,101,630000,73,7
BISHAN,4,111,605000,73,7
BISHAN,4,107,668000,73,10
BISHAN,4,95,678000,92,1
BISHAN,4,95,568000,65,1
BISHAN,4,106,512000,71,1
BISHAN,5,121,670000,68,4
BISHAN,5,121,815000,68,4
BISHAN,5,133,828000,73,13
BISHAN,5,133,848000,73,4
BISHAN,5,139,860000,73,10
BISHAN,5,136,900000,73,7
BISHAN,5,126,880000,73,10
BISHAN,5,138,815000,73,13
BISHAN,5,138,868000,73,13
BISHAN,5,123,826000,79,25
BISHAN,5,120,1030000,92,37
BISHAN,5,120,900000,92,4
BISHAN,5,120,760000,92,1
BISHAN,5,120,990000,92,28
BISHAN,5,120,978000,92,13
BISHAN,5,120,955000,92,10
BISHAN,5,121,738000,66,4
BISHAN,5,120,712000,67,19
BISHAN,5,122,710000,71,10
BISHAN,5,120,650021,67,10
BISHAN,6,155,807000,66,1
BISHAN,3,64,320000,70,1
BISHAN,4,84,402000,69,7
BISHAN,4,104,440000,69,1
BISHAN,4,84,488000,66,4
BISHAN,4,84,540000,67,10
BISHAN,4,106,540000,73,1
BISHAN,4,84,543000,68,7
BISHAN,4,112,545000,73,1
BISHAN,4,108,550000,73,4
BISHAN,4,105,570000,73,4
BISHAN,4,105,595000,73,7
BISHAN,4,104,610000,67,4
BISHAN,4,104,635000,66,7
BISHAN,5,120,680000,70,1
BISHAN,5,121,720000,79,7
BISHAN,5,121,836000,68,13
BISHAN,5,120,985000,92,10
BISHAN,4,88,378000,55,1
BISHAN,4,83,478000,68,7
BISHAN,4,84,480000,67,1
BISHAN,4,113,515000,73,4
BISHAN,4,84,518000,67,7
BISHAN,4,105,525000,71,1
BISHAN,4,108,650000,73,13
BISHAN,4,103,738800,70,7
BISHAN,4,95,828000,92,31
BISHAN,5,121,670000,68,1
BISHAN,5,123,720000,79,7
BISHAN,5,131,730000,69,4
BISHAN,5,121,758000,79,19
BISHAN,5,120,988888,92,16
BISHAN,6,148,900000,73,4
BISHAN,6,148,985000,66,7
BISHAN,3,64,380000,66,7
BISHAN,4,88,358000,55,4
BISHAN,4,103,410000,68,4
BISHAN,4,84,466000,68,4
BISHAN,4,94,488000,71,7
BISHAN,4,104,513000,73,4
BISHAN,4,105,520000,70,1
BISHAN,4,83,525000,67,4
BISHAN,4,86,530000,68,7
BISHAN,4,107,545000,70,1
BISHAN,4,97,565000,66,4
BISHAN,4,102,586666,73,13
BISHAN,4,88,590000,68,7
BISHAN,4,105,590000,73,4
BISHAN,4,102,598000,73,4
BISHAN,4,113,600000,73,10
BISHAN,4,104,625000,66,4
BISHAN,4,100,638888,79,10
BISHAN,4,95,650000,65,10
BISHAN,4,103,710000,70,4
BISHAN,5,123,680000,71,1
BISHAN,5,121,690000,68,7
BISHAN,5,125,715000,70,4
BISHAN,5,125,748000,70,19
BISHAN,5,121,750000,67,7
BISHAN,5,121,780000,68,16
BISHAN,5,121,806000,68,7
BISHAN,5,121,820888,68,19
BISHAN,5,123,835000,79,19
BISHAN,5,121,840000,73,10
BISHAN,5,120,940000,92,13
BISHAN,5,120,950000,92,34
BISHAN,5,120,985000,92,7
BISHAN,6,144,801000,68,1
BISHAN,6,146,910000,73,7
BISHAN,6,146,955000,68,10
BISHAN,6,146,980000,68,4
BISHAN,6,182,1018000,70,10
BISHAN,3,68,255000,54,10
BISHAN,3,65,262000,54,4
BISHAN,3,68,285000,54,7
BISHAN,3,64,348000,68,7
BISHAN,3,64,428000,69,7
BISHAN,3,67,438000,66,10
BISHAN,4,84,440000,67,1
BISHAN,4,84,445000,66,10
BISHAN,4,92,527000,66,1
BISHAN,4,83,540000,68,7
BISHAN,4,103,575000,73,10
BISHAN,4,102,600000,73,10
BISHAN,4,102,600000,79,4
BISHAN,4,105,650000,66,7
BISHAN,4,104,660000,66,7
BISHAN,4,108,670000,73,13
BISHAN,4,95,702000,92,4
BISHAN,4,95,738888,92,4
BISHAN,4,103,750000,70,7
BISHAN,5,132,650000,73,4
BISHAN,5,121,710000,68,4
BISHAN,5,133,717000,73,7
BISHAN,5,121,718000,68,19
BISHAN,5,121,718000,69,4
BISHAN,5,121,778000,67,13
BISHAN,5,120,842500,68,19
BISHAN,5,121,868000,67,19
BISHAN,5,120,970000,92,19
BISHAN,5,120,970000,92,13
BISHAN,5,120,1068000,92,31
BISHAN,6,146,830000,72,7
BISHAN,6,149,835000,73,4
BISHAN,6,149,853000,73,1
BISHAN,6,146,900000,73,10
BISHAN,6,149,900000,73,10
BISHAN,3,68,248000,54,4
BISHAN,3,64,315000,69,4
BISHAN,3,64,347000,67,7
BISHAN,3,64,350000,67,7
BISHAN,4,95,490000,66,1
BISHAN,4,106,510000,73,1
BISHAN,4,103,560000,73,13
BISHAN,4,105,572000,73,7
BISHAN,4,88,575000,68,4
BISHAN,4,95,588000,65,10
BISHAN,4,105,595000,73,7
BISHAN,4,104,608000,66,1
BISHAN,4,103,615000,73,7
BISHAN,4,104,618000,66,7
BISHAN,4,104,625000,73,7
BISHAN,4,105,630000,73,16
BISHAN,4,108,662000,73,10
BISHAN,4,104,685000,66,7
BISHAN,4,95,775000,92,7
BISHAN,4,95,830000,92,37
BISHAN,5,122,670000,67,4
BISHAN,5,125,680000,70,1
BISHAN,5,120,700000,67,16
BISHAN,5,120,708000,66,7
BISHAN,5,122,716000,70,4
BISHAN,5,121,720000,69,13
BISHAN,5,131,755000,69,7
BISHAN,5,121,760000,69,19
BISHAN,5,128,766000,69,10
BISHAN,5,135,818000,73,13
BISHAN,5,131,828000,69,19
BISHAN,5,121,849000,73,4
BISHAN,6,146,850000,73,1
BISHAN,4,84,400000,67,4
BISHAN,4,84,445000,66,7
BISHAN,4,84,460000,69,4
BISHAN,4,84,468000,68,7
BISHAN,4,114,498000,73,1
BISHAN,4,83,500000,68,10
BISHAN,4,109,500000,73,1
BISHAN,4,84,510000,66,10
BISHAN,4,84,515000,67,1
BISHAN,4,95,533000,65,1
BISHAN,4,106,535000,70,1
BISHAN,4,83,540000,68,7
BISHAN,4,108,550000,68,1
BISHAN,4,104,550000,73,7
BISHAN,4,102,555000,79,1
BISHAN,4,102,580000,79,4
BISHAN,4,91,580000,66,4
BISHAN,4,102,595000,73,4
BISHAN,4,95,598000,66,7
BISHAN,4,105,600000,73,4
BISHAN,4,104,615000,73,13
BISHAN,4,112,620000,72,7
BISHAN,4,95,790000,92,19
BISHAN,4,95,800000,92,22
BISHAN,5,122,630000,69,1
BISHAN,5,121,630000,68,1
BISHAN,5,123,670000,79,7
BISHAN,5,121,680000,79,16
BISHAN,5,121,720000,67,1
BISHAN,5,121,730000,67,7
BISHAN,5,120,730000,67,19
BISHAN,5,127,730000,68,7
BISHAN,5,121,750000,79,7
BISHAN,5,123,757000,79,4
BISHAN,5,121,770000,69,16
BISHAN,5,134,788000,73,10
BISHAN,5,131,798000,68,19
BISHAN,5,121,828000,65,7
BISHAN,5,121,830000,79,25
BISHAN,5,132,845000,73,7
BISHAN,5,132,855000,73,7
BISHAN,5,120,990000,92,16
BISHAN,5,120,1030000,92,16
BISHAN,6,147,710000,73,1
BISHAN,6,147,860000,73,1
BISHAN,6,149,865000,73,4
BISHAN,6,152,872000,67,1
BISHAN,6,144,894000,68,4
BISHAN,6,146,910000,68,1
BISHAN,3,65,256500,54,10
BISHAN,3,65,265000,54,10
BISHAN,3,67,288000,54,7
BISHAN,3,64,348000,67,4
BISHAN,3,64,362000,67,7
BISHAN,3,64,400000,66,7
BISHAN,3,64,428000,68,1
BISHAN,3,64,446000,68,10
BISHAN,4,84,400000,66,1
BISHAN,4,84,450000,68,4
BISHAN,4,84,458000,68,4
BISHAN,4,83,468000,68,4
BISHAN,4,84,495000,65,4
BISHAN,4,104,500000,69,7
BISHAN,4,84,508000,66,1
BISHAN,4,89,515000,66,1
BISHAN,4,83,525000,68,7
BISHAN,4,112,525000,73,4
BISHAN,4,100,525000,65,4
BISHAN,4,108,544000,73,4
BISHAN,4,112,545000,73,7
BISHAN,4,92,548000,65,7
BISHAN,4,112,560000,72,7
BISHAN,4,104,570000,73,7
BISHAN,4,103,585000,73,7
BISHAN,4,105,588000,70,7
BISHAN,4,103,602000,79,1
BISHAN,4,100,605000,79,10
BISHAN,4,114,605000,70,4
BISHAN,4,102,618000,73,16
BISHAN,4,104,643000,66,10
BISHAN,4,105,675000,66,7
BISHAN,5,123,720000,67,4
BISHAN,5,122,722000,68,4
BISHAN,5,121,751188,69,10
BISHAN,5,121,835000,72,4
BISHAN,5,138,895000,73,16
BISHAN,6,152,660000,67,1
BISHAN,6,146,725000,67,1
BISHAN,6,147,850000,72,1
BISHAN,6,151,950000,67,10
BISHAN,6,150,960000,66,10
BISHAN,6,148,1038000,66,10
BISHAN,3,70,410000,66,1
BISHAN,3,70,368000,67,1
BISHAN,3,64,409000,68,7
BISHAN,3,64,400000,68,1
BISHAN,3,65,400000,68,7
BISHAN,3,67,368000,65,4
BISHAN,3,67,460000,65,7
BISHAN,4,84,400000,68,1
BISHAN,4,84,450000,66,1
BISHAN,4,84,398888,69,1
BISHAN,4,84,568000,68,7
BISHAN,4,86,468000,67,7
BISHAN,4,84,408000,69,1
BISHAN,4,103,593000,72,10
BISHAN,4,115,628888,72,10
BISHAN,4,105,590000,73,1
BISHAN,4,112,480000,72,1
BISHAN,4,114,566000,72,1
BISHAN,4,108,668000,73,7
BISHAN,4,108,560000,73,16
BISHAN,4,102,668000,78,16
BISHAN,4,92,510000,65,1
BISHAN,4,92,580000,65,7
BISHAN,5,131,820000,68,19
BISHAN,5,121,765000,68,7
BISHAN,5,121,680000,67,13
BISHAN,5,121,710000,67,4
BISHAN,5,122,680000,68,4
BISHAN,5,121,675000,68,7
BISHAN,5,135,780000,72,4
BISHAN,5,123,745000,78,7
BISHAN,5,132,830000,73,10
BISHAN,5,120,1020000,92,25
BISHAN,5,120,738000,66,22
BISHAN,5,125,705000,70,13
BISHAN,6,146,960000,68,10
BISHAN,6,156,972000,73,1
BISHAN,6,146,888000,73,1
BISHAN,6,146,854888,72,1
BISHAN,6,149,960000,73,22
BISHAN,3,65,340000,68,1
BISHAN,3,67,410000,65,4
BISHAN,3,67,355000,65,4
BISHAN,3,68,239000,54,7
BISHAN,4,84,455000,67,7
BISHAN,4,103,530888,68,4
BISHAN,4,89,480000,66,1
BISHAN,4,84,550000,66,10
BISHAN,4,84,470000,65,1
BISHAN,4,89,548000,66,4
BISHAN,4,105,668000,66,7
BISHAN,4,88,520000,68,4
BISHAN,4,116,655000,72,19
BISHAN,4,114,738000,72,25
BISHAN,4,112,575000,72,1
BISHAN,4,105,558000,72,4
BISHAN,4,95,735000,92,4
BISHAN,4,95,830000,92,31
BISHAN,4,104,570000,72,4
BISHAN,4,95,810000,91,19
BISHAN,4,104,580000,72,1
BISHAN,4,105,575000,70,7
BISHAN,4,84,483000,67,7
BISHAN,5,133,735000,67,4
BISHAN,5,121,730000,67,7
BISHAN,5,122,725000,68,7
BISHAN,5,121,728000,68,19
BISHAN,5,122,630000,69,1
BISHAN,5,121,760000,67,7
BISHAN,5,121,778000,69,13
BISHAN,5,132,850000,72,10
BISHAN,5,121,818000,72,1
BISHAN,5,120,1080000,92,28
BISHAN,5,120,990000,91,16
BISHAN,5,120,1000000,91,22
BISHAN,5,121,750000,65,4
BISHAN,5,121,711000,65,10
BISHAN,5,121,708000,65,1
BISHAN,5,120,730000,70,16
BISHAN,5,120,718000,66,22
BISHAN,5,120,750000,66,19
BISHAN,5,125,720000,70,4
BISHAN,5,136,515000,54,4
BISHAN,6,142,900000,67,7
BISHAN,6,146,875000,72,1
BISHAN,6,146,890000,72,4
BISHAN,3,64,417000,66,7
BISHAN,3,65,260000,54,1
BISHAN,4,84,465000,67,7
BISHAN,4,84,395000,69,4
BISHAN,4,83,465000,67,10
BISHAN,4,105,673000,66,10
BISHAN,4,84,548000,66,10
BISHAN,4,104,585000,72,7
BISHAN,4,105,605000,72,7
BISHAN,4,113,613000,72,10
BISHAN,4,102,755000,78,22
BISHAN,4,113,581888,72,1
BISHAN,4,104,609000,72,10
BISHAN,4,104,572000,72,4
BISHAN,4,106,518000,72,1
BISHAN,4,97,573000,65,7
BISHAN,4,89,522000,66,7
BISHAN,4,105,548000,70,4
BISHAN,5,122,610000,68,4
BISHAN,5,121,665000,67,1
BISHAN,5,121,710000,69,4
BISHAN,5,131,760000,68,7
BISHAN,5,121,680000,67,1
BISHAN,5,121,695000,67,1
BISHAN,5,131,590000,68,1
BISHAN,5,121,748000,67,1
BISHAN,5,131,745000,72,4
BISHAN,5,133,780000,72,10
BISHAN,5,120,1076000,91,34
BISHAN,5,120,857500,91,1
BISHAN,5,121,720000,65,10
BISHAN,6,163,996000,67,22
BISHAN,6,163,1138000,67,22
BISHAN,6,150,1098888,67,22
BISHAN,6,149,850000,72,1
BISHAN,6,149,830000,69,1
BISHAN,4,84,458000,67,7
BISHAN,4,83,530000,67,7
BISHAN,3,64,375000,68,7
BISHAN,3,67,367000,65,1
BISHAN,3,67,420000,65,4
BISHAN,4,84,420000,67,4
BISHAN,4,103,703000,69,7
BISHAN,4,104,650000,66,13
BISHAN,4,84,480000,66,4
BISHAN,4,84,495000,66,7
BISHAN,4,84,448000,66,10
BISHAN,4,103,515000,68,1
BISHAN,4,104,492000,68,4
BISHAN,4,103,548000,68,7
BISHAN,4,104,541000,72,4
BISHAN,4,95,820000,91,25
BISHAN,4,100,618000,78,4
BISHAN,4,95,795000,91,19
BISHAN,4,104,538000,72,4
BISHAN,4,92,523000,65,10
BISHAN,4,103,562000,70,10
BISHAN,5,122,632000,68,4
BISHAN,5,121,815000,67,16
BISHAN,5,123,675000,68,4
BISHAN,5,121,785000,67,16
BISHAN,5,139,850000,72,4
BISHAN,5,133,758000,72,4
BISHAN,5,121,813888,78,16
BISHAN,5,134,650000,72,10
BISHAN,5,123,675000,70,4
BISHAN,6,150,1010000,67,22
BISHAN,6,158,948000,65,1
BISHAN,6,158,1050000,65,7
BISHAN,3,64,363000,67,10
BISHAN,4,84,450000,68,10
BISHAN,4,104,525000,68,7
BISHAN,4,84,410000,67,1
BISHAN,4,83,440000,67,10
BISHAN,4,84,470000,67,4
BISHAN,4,83,510000,67,7
BISHAN,4,84,555000,67,10
BISHAN,4,83,515000,67,1
BISHAN,4,114,650000,72,10
BISHAN,4,105,590000,72,7
BISHAN,4,105,535000,72,1
BISHAN,4,104,518888,72,4
BISHAN,4,102,738888,78,19
BISHAN,4,104,430000,72,1
BISHAN,5,122,500000,67,1
BISHAN,5,121,795000,67,10
BISHAN,5,120,980000,91,10
BISHAN,6,175,990000,70,10
BISHAN,3,64,370000,65,1
BISHAN,3,64,360000,68,10
BISHAN,3,67,446000,65,7
BISHAN,3,64,340000,66,4
BISHAN,4,84,470000,67,7
BISHAN,4,93,468888,68,4
BISHAN,4,84,505000,66,10
BISHAN,4,103,515000,68,7
BISHAN,4,84,500000,65,7
BISHAN,4,84,525000,65,7
BISHAN,4,84,478000,67,7
BISHAN,4,83,565000,68,10
BISHAN,4,83,560000,68,10
BISHAN,4,103,618000,72,4
BISHAN,4,116,648000,72,10
BISHAN,4,104,568000,72,7
BISHAN,4,103,600000,72,7
BISHAN,4,114,550000,72,4
BISHAN,4,106,535000,72,4
BISHAN,4,103,550000,72,4
BISHAN,4,112,614000,72,7
BISHAN,4,105,568000,72,1
BISHAN,4,103,530000,72,4
BISHAN,4,102,610000,72,13
BISHAN,4,102,630000,72,16
BISHAN,4,103,548000,72,4
BISHAN,4,104,548000,72,4
BISHAN,4,104,625000,72,7
BISHAN,4,95,820000,91,31
BISHAN,4,95,818000,91,28
BISHAN,5,121,660000,67,7
BISHAN,5,122,718000,67,7
BISHAN,5,123,820000,78,19
BISHAN,5,123,700000,78,19
BISHAN,5,121,800000,65,4
BISHAN,6,146,950000,67,10
BISHAN,6,146,770000,72,1
BISHAN,6,151,780000,72,7
BISHAN,6,148,930000,72,10
BISHAN,3,70,359000,65,1
BISHAN,3,67,403000,65,4
BISHAN,3,67,435000,64,10
BISHAN,3,67,408000,64,4
BISHAN,3,65,260000,53,7
BISHAN,4,84,460000,66,7
BISHAN,4,109,450000,68,1
BISHAN,4,84,550000,65,10
BISHAN,4,84,503000,65,7
BISHAN,4,105,582000,66,10
BISHAN,4,105,598888,66,13
BISHAN,4,84,438000,65,1
BISHAN,4,84,415000,67,1
BISHAN,4,103,553000,72,10
BISHAN,4,102,643000,72,22
BISHAN,4,107,535000,72,1
BISHAN,4,105,550000,70,4
BISHAN,4,95,500000,64,4
BISHAN,4,89,512000,67,10
BISHAN,5,123,660000,68,7
BISHAN,5,128,800000,68,19
BISHAN,5,131,720000,67,4
BISHAN,5,121,788000,78,10
BISHAN,5,120,840000,91,1
BISHAN,5,120,968000,91,7
BISHAN,5,123,750000,70,10
BISHAN,6,144,780000,67,1
BISHAN,6,147,1028000,65,10
BISHAN,3,64,370000,66,1
BISHAN,3,64,390000,65,7
BISHAN,3,64,380000,65,1
BISHAN,3,64,350000,65,1
BISHAN,3,64,375000,66,4
BISHAN,4,84,365000,67,1
BISHAN,4,84,405000,68,4
BISHAN,4,84,465000,65,7
BISHAN,4,84,339000,67,1
BISHAN,4,84,400000,66,1
BISHAN,4,84,488000,65,7
BISHAN,4,104,545000,65,1
BISHAN,4,105,638000,65,7
BISHAN,4,83,445000,67,4
BISHAN,4,83,483000,67,4
BISHAN,4,102,598000,72,10
BISHAN,4,112,500000,72,1
BISHAN,4,108,570000,72,4
BISHAN,4,105,460000,72,1
BISHAN,4,102,638000,72,25
BISHAN,4,113,572500,72,1
BISHAN,4,95,715000,91,1
BISHAN,4,95,745000,91,1
BISHAN,4,108,635000,72,10
BISHAN,4,107,600000,72,13
BISHAN,4,104,515000,72,4
BISHAN,4,103,573000,69,4
BISHAN,5,121,660000,67,1
BISHAN,5,121,668000,66,4
BISHAN,5,121,580000,67,1
BISHAN,5,121,620000,66,1
BISHAN,5,121,675000,67,1
BISHAN,5,121,690000,78,7
BISHAN,5,120,996000,91,13
BISHAN,5,120,920000,91,4
BISHAN,5,120,632000,66,10
BISHAN,6,146,920000,67,4
BISHAN,6,163,1145000,67,19
BISHAN,3,64,375000,68,1
BISHAN,3,64,363000,66,13
BISHAN,3,64,366000,67,7
BISHAN,4,113,550000,69,1
BISHAN,4,83,465000,67,4
BISHAN,4,84,545000,65,4
BISHAN,4,84,506000,65,10
BISHAN,4,83,465000,67,4
BISHAN,4,105,600000,72,7
BISHAN,4,103,590000,72,4
BISHAN,4,108,660000,72,13
BISHAN,4,95,878000,91,37
BISHAN,4,109,550000,70,4
BISHAN,4,99,560000,65,13
BISHAN,4,105,500000,69,1
BISHAN,5,123,660000,68,4
BISHAN,5,121,678000,66,7
BISHAN,5,121,777000,67,7
BISHAN,5,123,655000,68,7
BISHAN,5,121,710000,66,4
BISHAN,5,121,680000,67,1
BISHAN,5,121,758888,68,19
BISHAN,5,120,1056000,91,34
BISHAN,5,123,888000,78,28
BISHAN,5,123,665000,78,10
BISHAN,5,120,698888,65,19
BISHAN,6,144,770000,67,1
BISHAN,6,163,1008000,66,19
BISHAN,6,147,710000,72,4
BISHAN,6,146,863000,72,10
BISHAN,6,146,925000,71,10
BISHAN,6,150,965000,65,1
BISHAN,3,64,360000,66,1
BISHAN,3,64,378888,67,10
BISHAN,4,102,510000,66,4
BISHAN,4,103,720000,69,13
BISHAN,4,84,521000,65,10
BISHAN,4,104,590000,65,4
BISHAN,4,84,388000,68,4
BISHAN,4,112,590000,72,1
BISHAN,4,105,500000,71,4
BISHAN,4,103,550000,72,4
BISHAN,4,102,570000,72,4
BISHAN,4,105,450000,69,1
BISHAN,4,108,540000,69,1
BISHAN,5,121,833000,67,22
BISHAN,5,121,675000,67,4
BISHAN,5,121,678000,67,16
BISHAN,5,123,630000,68,1
BISHAN,5,121,638000,67,4
BISHAN,5,121,785000,66,13
BISHAN,5,126,690000,68,4
BISHAN,5,130,685000,67,1
BISHAN,5,132,780000,72,7
BISHAN,5,123,815000,78,13
BISHAN,5,120,1080000,91,28
BISHAN,5,125,718000,64,10
BISHAN,5,125,760000,69,22
BISHAN,5,122,690000,69,7
BISHAN,5,120,700000,69,7
BISHAN,3,64,390000,65,1
BISHAN,3,64,405000,68,1
BISHAN,3,64,415000,67,7
BISHAN,3,64,395000,67,7
BISHAN,3,65,246000,53,7
BISHAN,4,84,470000,66,7
BISHAN,4,104,608000,65,1
BISHAN,4,84,390000,68,1
BISHAN,4,88,370000,67,1
BISHAN,4,84,460000,67,7
BISHAN,4,84,475000,67,4
BISHAN,4,104,515888,72,1
BISHAN,4,105,448000,72,1
BISHAN,4,103,620000,71,7
BISHAN,4,113,653000,72,7
BISHAN,4,102,595000,72,7
BISHAN,4,105,475000,71,4
BISHAN,4,112,550000,72,4
BISHAN,4,89,500000,66,4
BISHAN,5,121,748000,67,10
BISHAN,5,121,638000,67,7
BISHAN,5,120,715000,67,1
BISHAN,5,121,630000,67,1
BISHAN,5,121,742000,68,13
BISHAN,5,121,782000,66,10
BISHAN,5,121,765000,67,7
BISHAN,5,121,858000,72,7
BISHAN,5,134,710000,72,10
BISHAN,5,120,860000,91,13
BISHAN,5,120,1000000,91,31
BISHAN,5,120,635000,69,1
BISHAN,6,151,830000,66,4
BISHAN,6,146,850000,66,1
BISHAN,6,148,840000,71,1
BISHAN,6,146,885000,72,10
BISHAN,6,155,950000,69,13
BISHAN,3,64,405000,67,7
BISHAN,3,64,375000,67,4
BISHAN,3,67,390000,64,1
BISHAN,3,67,450000,64,13
BISHAN,3,64,382000,66,10
BISHAN,3,65,266000,53,10
BISHAN,4,113,769000,69,4
BISHAN,4,84,505000,64,7
BISHAN,4,104,628000,65,7
BISHAN,4,84,475000,65,1
BISHAN,5,120,1050000,91,10
BISHAN,4,103,505000,67,4
BISHAN,4,90,550888,67,4
BISHAN,4,105,568000,71,4
BISHAN,4,102,650000,71,16
BISHAN,4,108,635000,72,7
BISHAN,4,100,610000,77,19
BISHAN,4,102,462000,71,1
BISHAN,4,102,628000,77,10
BISHAN,4,89,520000,66,7
BISHAN,5,121,750000,66,16
BISHAN,5,121,773888,66,19
BISHAN,5,121,725000,66,7
BISHAN,5,119,670000,67,7
BISHAN,5,120,740000,67,7
BISHAN,5,121,708888,68,10
BISHAN,5,119,668000,67,4
BISHAN,5,121,792000,67,13
BISHAN,5,121,800000,66,16
BISHAN,5,132,850000,71,10
BISHAN,5,133,790000,72,10
BISHAN,5,121,755888,78,19
BISHAN,5,123,868000,77,25
BISHAN,5,120,720000,65,22
BISHAN,5,120,558000,65,1
BISHAN,6,151,858000,66,4
BISHAN,6,146,905000,67,10
BISHAN,6,146,920000,66,7
BISHAN,6,146,838000,71,4
BISHAN,6,149,858000,71,4
BISHAN,6,148,968000,65,1
BISHAN,4,104,590000,65,1
BISHAN,4,84,488000,64,4
BISHAN,4,84,450000,66,1
BISHAN,4,106,688888,72,19
BISHAN,4,103,553000,72,10
BISHAN,4,105,560000,72,7
BISHAN,4,107,519888,72,4
BISHAN,4,116,560000,72,1
BISHAN,4,118,625000,71,7
BISHAN,4,103,562000,72,4
BISHAN,4,104,565000,72,4
BISHAN,4,109,595000,71,10
BISHAN,4,103,570000,71,4
BISHAN,4,103,602000,69,7
BISHAN,4,89,493000,66,1
BISHAN,5,131,815000,67,19
BISHAN,5,121,768000,71,1
BISHAN,5,133,818000,71,10
BISHAN,5,121,825000,77,19
BISHAN,5,132,822000,71,7
BISHAN,5,120,1065000,90,22
BISHAN,5,120,1000000,90,19
BISHAN,5,125,750000,64,1
BISHAN,5,121,680000,64,4
BISHAN,6,144,850000,66,13
BISHAN,6,152,795000,66,1
BISHAN,6,146,873000,66,4
BISHAN,6,149,808000,71,1
BISHAN,6,149,905000,65,1
BISHAN,3,64,386100,65,1
BISHAN,3,64,410000,67,7
BISHAN,3,67,390000,64,7
BISHAN,4,105,550000,65,4
BISHAN,4,84,525000,65,10
BISHAN,4,105,620000,65,7
BISHAN,4,84,572000,67,10
BISHAN,4,104,556000,71,7
BISHAN,4,95,900000,90,40
BISHAN,4,103,573000,69,10
BISHAN,4,89,508000,65,10
BISHAN,4,103,500000,69,4
BISHAN,4,105,560000,69,7
BISHAN,5,121,650000,66,4
BISHAN,5,121,738000,67,19
BISHAN,5,121,735000,67,16
BISHAN,5,121,638000,67,1
BISHAN,5,121,850000,66,16
BISHAN,5,132,788000,71,7
BISHAN,5,132,770000,71,7
BISHAN,5,134,665000,71,4
BISHAN,5,121,850000,71,7
BISHAN,5,121,690000,64,4
BISHAN,5,121,728000,64,10
BISHAN,5,120,630000,65,4
BISHAN,5,120,700000,65,22
BISHAN,5,120,680000,65,16
BISHAN,5,122,600000,69,1
BISHAN,5,120,657700,65,13
BISHAN,5,136,473000,53,10
BISHAN,6,143,840000,66,7
BISHAN,6,146,838888,66,1
BISHAN,6,151,830000,71,10
BISHAN,6,148,800000,71,1
BISHAN,6,158,1040000,64,7
BISHAN,3,67,405000,64,7
BISHAN,3,67,385000,64,7
BISHAN,3,64,390000,65,10
BISHAN,4,84,448000,67,10
BISHAN,4,105,580000,65,10
BISHAN,4,104,572000,65,1
BISHAN,4,84,500000,65,7
BISHAN,4,104,480000,67,1
BISHAN,4,104,460000,64,1
BISHAN,4,83,458000,67,4
BISHAN,4,84,395000,67,1
BISHAN,4,112,606888,71,7
BISHAN,4,103,640000,71,19
BISHAN,4,115,548000,71,1
BISHAN,4,106,528000,71,7
BISHAN,4,105,580000,71,7
BISHAN,4,105,562000,71,4
BISHAN,4,104,568000,71,7
BISHAN,4,103,602000,71,16
BISHAN,4,108,520000,71,1
BISHAN,4,109,566000,71,1
BISHAN,4,116,560000,71,1
BISHAN,4,104,570000,71,7
BISHAN,4,104,480000,71,1
BISHAN,4,95,535888,64,4
BISHAN,4,95,514000,64,4
BISHAN,4,89,530000,65,10
BISHAN,4,88,328000,53,4
BISHAN,5,121,748000,66,13
BISHAN,5,121,765000,66,19
BISHAN,5,121,698000,66,7
BISHAN,5,127,690000,67,4
BISHAN,5,133,750000,71,10
BISHAN,5,121,821888,77,16
BISHAN,5,136,865000,71,4
BISHAN,5,135,795000,71,16
BISHAN,5,125,780000,69,19
BISHAN,5,122,680000,69,7
BISHAN,3,64,375000,65,1
BISHAN,3,67,380000,64,1
BISHAN,3,65,270000,53,10
BISHAN,3,68,265000,52,7
BISHAN,4,115,723000,68,7
BISHAN,4,84,450000,67,10
BISHAN,4,84,445000,65,1
BISHAN,4,84,475000,65,4
BISHAN,4,103,475000,66,4
BISHAN,4,83,540000,66,10
BISHAN,4,83,448000,67,4
BISHAN,4,107,488000,71,1
BISHAN,4,112,590000,71,1
BISHAN,4,105,590000,71,10
BISHAN,4,106,595000,71,10
BISHAN,4,104,558000,71,7
BISHAN,4,103,620000,71,10
BISHAN,4,105,570000,71,1
BISHAN,4,102,693000,77,19
BISHAN,4,104,560000,71,10
BISHAN,4,101,460000,71,10
BISHAN,4,105,562000,69,4
BISHAN,5,123,648888,67,4
BISHAN,5,121,675000,66,4
BISHAN,5,121,800000,67,19
BISHAN,5,131,755000,67,13
BISHAN,5,131,705000,67,1
BISHAN,5,121,720000,66,7
BISHAN,5,121,690000,67,4
BISHAN,5,121,820000,71,4
BISHAN,5,120,988000,90,7
BISHAN,5,123,698000,69,7
BISHAN,6,146,925000,66,10
BISHAN,6,152,802888,66,1
BISHAN,6,147,880000,71,4
BISHAN,3,64,381800,67,4
BISHAN,3,65,257000,52,7
BISHAN,4,84,415000,66,4
BISHAN,4,105,650000,65,7
BISHAN,4,104,630000,65,4
BISHAN,4,90,460000,65,7
BISHAN,4,105,615000,65,4
BISHAN,4,84,518000,65,7
BISHAN,4,84,450000,66,1
BISHAN,4,83,502000,66,1
BISHAN,4,103,588000,71,13
BISHAN,4,105,600000,71,10
BISHAN,4,105,585000,71,4
BISHAN,4,107,503000,71,1
BISHAN,4,108,608000,71,13
BISHAN,4,106,560000,71,4
BISHAN,4,100,580000,77,4
BISHAN,4,108,630000,71,4
BISHAN,4,95,980000,90,40
BISHAN,4,112,540000,71,1
BISHAN,4,92,500000,64,4
BISHAN,4,92,528000,64,7
BISHAN,4,103,560000,69,10
BISHAN,4,88,380000,53,10
BISHAN,5,121,765000,66,19
BISHAN,5,121,700000,66,4
BISHAN,5,121,665000,66,7
BISHAN,5,121,670000,66,16
BISHAN,5,122,658000,67,7
BISHAN,5,131,788000,67,16
BISHAN,5,121,760000,77,19
BISHAN,5,121,728888,64,10
BISHAN,6,150,890000,71,7
BISHAN,6,160,1010000,69,22
BISHAN,3,64,387000,65,4
BISHAN,3,64,328000,67,1
BISHAN,3,67,373000,64,1
BISHAN,4,84,392000,68,1
BISHAN,4,93,420000,68,4
BISHAN,4,84,480000,64,4
BISHAN,4,84,510000,64,4
BISHAN,4,83,472000,65,7
BISHAN,4,104,480000,67,7
BISHAN,4,84,440000,67,7
BISHAN,4,84,510000,65,7
BISHAN,4,104,590000,65,1
BISHAN,4,85,445000,67,4
BISHAN,4,112,555000,71,1
BISHAN,4,109,508000,71,4
BISHAN,4,113,600000,71,10
BISHAN,4,108,670000,71,13
BISHAN,4,102,555000,71,7
BISHAN,4,103,485000,71,4
BISHAN,4,95,888888,90,28
BISHAN,5,121,690000,65,4
BISHAN,5,121,650000,66,1
BISHAN,5,121,672000,66,1
BISHAN,5,121,707000,66,13
BISHAN,5,121,640000,67,13
BISHAN,5,131,780000,66,10
BISHAN,5,122,685000,66,1
BISHAN,5,139,800000,71,10
BISHAN,5,133,698000,71,4
BISHAN,5,121,690000,77,7
BISHAN,5,120,860000,90,13
BISHAN,5,123,690000,69,4
BISHAN,5,125,700000,69,10
BISHAN,5,125,690000,69,10
BISHAN,6,151,780000,65,1
BISHAN,6,146,940000,66,4
BISHAN,6,142,850000,66,1
BISHAN,6,150,880000,71,4
BISHAN,6,149,815000,71,4
BISHAN,6,149,913000,71,4
BISHAN,3,64,380000,67,4
BISHAN,4,104,592500,65,7
BISHAN,4,105,640000,64,7
BISHAN,4,84,450000,64,4
BISHAN,4,105,550000,65,1
BISHAN,4,84,572500,67,7
BISHAN,4,112,590000,71,4
BISHAN,4,116,680000,71,19
BISHAN,4,103,550000,71,10
BISHAN,4,105,550000,71,1
BISHAN,4,105,468000,71,4
BISHAN,4,103,475000,71,1
BISHAN,4,100,615000,77,10
BISHAN,4,104,510000,71,10
BISHAN,4,107,542000,68,4
BISHAN,5,121,683000,65,10
BISHAN,5,130,610000,66,1
BISHAN,5,121,755000,65,4
BISHAN,5,121,850000,66,19
BISHAN,5,131,705000,66,13
BISHAN,5,121,658888,67,1
BISHAN,5,121,845000,71,4
BISHAN,5,121,735000,77,13
BISHAN,5,120,625000,65,7
BISHAN,5,120,640000,65,4
BISHAN,6,147,858000,71,1
BISHAN,6,149,845000,64,1
BISHAN,3,64,325000,64,1
BISHAN,3,67,399000,64,10
BISHAN,3,67,400000,64,1
BISHAN,3,68,210000,52,4
BISHAN,4,103,715000,68,4
BISHAN,4,103,480000,66,4
BISHAN,4,91,490000,65,4
BISHAN,4,84,460000,66,7
BISHAN,4,84,500000,65,7
BISHAN,4,84,390000,67,1
BISHAN,4,84,395000,67,4
BISHAN,4,105,570000,71,1
BISHAN,4,106,502888,71,1
BISHAN,4,110,490000,71,1
BISHAN,4,114,618000,71,7
BISHAN,4,107,580000,71,7
BISHAN,4,105,500000,71,4
BISHAN,4,103,518000,71,10
BISHAN,4,103,582888,71,4
BISHAN,4,108,450000,71,1
BISHAN,4,104,511000,71,1
BISHAN,4,102,600000,77,4
BISHAN,4,95,860000,90,16
BISHAN,4,106,580000,71,4
BISHAN,4,103,565000,71,7
BISHAN,4,89,550000,66,13
BISHAN,4,105,525000,68,4
BISHAN,5,127,800000,68,4
BISHAN,5,121,680000,66,1
BISHAN,5,128,745000,67,13
BISHAN,5,121,665000,66,4
BISHAN,5,132,775000,71,4
BISHAN,5,128,860000,71,7
BISHAN,5,120,1082000,90,19
BISHAN,5,120,825000,90,4
BISHAN,5,123,740000,77,19
BISHAN,5,120,645000,69,10
BISHAN,5,120,600000,68,10
BISHAN,5,120,652000,64,4
BISHAN,6,149,805000,71,1
BISHAN,3,64,380000,65,10
BISHAN,4,103,595000,71,10
BISHAN,4,103,520000,71,7
BISHAN,4,95,808000,90,10
BISHAN,5,121,670000,67,13
BISHAN,5,121,770000,66,7
BISHAN,6,146,925000,66,10
BISHAN,5,121,723000,65,10
BISHAN,4,84,425000,66,7
BISHAN,4,104,555000,71,4
BISHAN,3,70,363000,65,1
BISHAN,3,64,412800,64,7
BISHAN,3,67,216000,52,10
BISHAN,3,65,250000,52,10
BISHAN,4,103,468000,67,1
BISHAN,4,103,457000,67,4
BISHAN,4,104,507000,67,4
BISHAN,4,84,475000,66,7
BISHAN,4,103,550000,66,4
BISHAN,4,84,480000,66,7
BISHAN,4,102,575000,77,1
BISHAN,4,104,568000,71,4
BISHAN,4,104,575000,71,10
BISHAN,4,116,635000,71,13
BISHAN,4,105,590000,70,7
BISHAN,4,107,510000,71,4
BISHAN,4,102,638000,71,19
BISHAN,4,107,475000,70,1
BISHAN,4,104,555000,71,4
BISHAN,4,107,510000,71,4
BISHAN,4,95,815000,90,7
BISHAN,4,108,692888,71,13
BISHAN,4,95,910000,90,34
BISHAN,4,110,507000,69,4
BISHAN,4,100,567500,63,1
BISHAN,4,105,555000,68,4
BISHAN,4,89,535000,65,7
BISHAN,4,84,473000,66,7
BISHAN,5,122,590000,66,1
BISHAN,5,121,833800,66,10
BISHAN,5,121,678000,67,7
BISHAN,5,120,1070000,90,19
BISHAN,5,120,970000,90,7
BISHAN,5,120,700000,68,16
BISHAN,5,120,690000,64,13
BISHAN,6,146,930000,66,4
BISHAN,6,141,870000,71,4
BISHAN,6,148,740000,71,7
BISHAN,6,146,825000,71,1
BISHAN,6,146,820000,71,4
BISHAN,6,146,975000,71,4
BISHAN,6,149,880000,71,19
BISHAN,3,64,330000,64,4
BISHAN,3,76,400000,63,1
BISHAN,3,64,330000,65,1
BISHAN,3,68,295000,52,7
BISHAN,3,65,264500,52,10
BISHAN,4,103,680000,68,4
BISHAN,4,103,610000,68,10
BISHAN,4,84,465000,65,7
BISHAN,4,83,485000,65,7
BISHAN,4,83,475000,66,7
BISHAN,4,83,550000,66,10
BISHAN,4,86,530000,65,10
BISHAN,4,107,518000,71,1
BISHAN,4,104,520000,70,4
BISHAN,5,122,630000,65,4
BISHAN,5,130,688000,67,7
BISHAN,5,121,688000,66,7
BISHAN,5,121,650000,67,1
BISHAN,5,123,852000,65,4
BISHAN,5,131,780000,67,4
BISHAN,5,127,730000,66,4
BISHAN,5,121,550000,65,4
BISHAN,5,132,875000,71,1
BISHAN,5,120,1060000,90,28
BISHAN,5,120,1050000,90,13
BISHAN,5,120,600000,68,7
BISHAN,6,143,930000,65,10
BISHAN,6,150,1080000,65,22
BISHAN,4,90,575300,66,4
BISHAN,3,64,365000,64,1
BISHAN,3,68,260000,52,7
BISHAN,4,84,470000,64,4
BISHAN,4,89,530000,64,4
BISHAN,4,83,520000,66,4
BISHAN,4,84,418000,66,7
BISHAN,4,88,430000,66,4
BISHAN,4,108,500000,71,4
BISHAN,4,105,520000,71,1
BISHAN,4,103,565000,71,10
BISHAN,4,105,480000,70,1
BISHAN,4,103,570000,71,4
BISHAN,4,112,610000,71,4
BISHAN,4,100,558000,63,1
BISHAN,4,105,506000,68,1
BISHAN,5,121,773000,65,10
BISHAN,5,121,836800,66,13
BISHAN,5,121,760000,66,19
BISHAN,5,121,635888,67,4
BISHAN,5,123,752000,76,10
BISHAN,5,132,750000,71,1
BISHAN,5,121,780000,76,7
BISHAN,5,120,840000,90,4
BISHAN,5,120,830000,89,1
BISHAN,5,120,1080000,90,22
BISHAN,5,125,735000,68,16
BISHAN,6,144,810000,66,1
BISHAN,6,143,922500,71,7
BISHAN,6,149,760000,71,1
BISHAN,6,146,888000,71,7
BISHAN,6,146,828000,70,4
BISHAN,6,186,958000,68,10
BISHAN,6,155,845000,64,1
