town,flat_type,floor_area_sqm,resale_price,remaining_lease,storey_range
CLEMENTI,3,68,263800,63,4
CLEMENTI,3,68,270000,63,4
CLEMENTI,3,67,280000,62,4
CLEMENTI,3,67,290000,61,4
CLEMENTI,3,68,326000,63,4
CLEMENTI,3,67,335000,61,10
CLEMENTI,3,67,345000,66,1
CLEMENTI,3,67,348000,61,7
CLEMENTI,3,67,355000,60,10
CLEMENTI,3,67,365000,60,10
CLEMENTI,3,82,368000,62,13
CLEMENTI,3,67,370000,61,10
CLEMENTI,3,82,415000,60,4
CLEMENTI,3,82,425000,63,1
CLEMENTI,3,82,430000,62,4
CLEMENTI,3,70,528000,95,13
CLEMENTI,4,93,385000,62,1
CLEMENTI,4,92,397000,63,1
CLEMENTI,4,91,425000,62,4
CLEMENTI,4,103,440000,65,1
CLEMENTI,4,91,461000,63,10
CLEMENTI,4,92,488000,61,1
CLEMENTI,4,97,548000,60,10
CLEMENTI,4,91,552000,60,4
CLEMENTI,4,92,575000,61,10
CLEMENTI,4,90,620000,88,7
CLEMENTI,5,118,560000,63,1
CLEMENTI,5,118,618000,63,7
CLEMENTI,3,67,250000,62,4
CLEMENTI,3,67,252000,62,10
CLEMENTI,3,68,265000,63,1
CLEMENTI,3,67,283000,60,1
CLEMENTI,3,67,310000,61,7
CLEMENTI,3,67,316000,59,1
CLEMENTI,3,67,320000,61,7
CLEMENTI,3,67,335000,61,1
CLEMENTI,3,67,360000,60,7
CLEMENTI,3,82,362000,61,1
CLEMENTI,3,82,380000,61,1
CLEMENTI,3,82,410000,59,1
CLEMENTI,3,81,411500,62,4
CLEMENTI,3,81,445000,66,1
CLEMENTI,4,83,368000,60,4
CLEMENTI,4,91,445000,60,10
CLEMENTI,4,97,510000,60,4
CLEMENTI,4,92,530000,60,10
CLEMENTI,4,92,565000,60,7
CLEMENTI,4,91,565000,61,4
CLEMENTI,4,92,568000,60,4
CLEMENTI,4,91,585000,60,10
CLEMENTI,4,100,678000,95,4
CLEMENTI,4,90,728000,88,13
CLEMENTI,3,67,263000,62,1
CLEMENTI,3,67,265000,62,1
CLEMENTI,3,67,290000,61,4
CLEMENTI,3,74,290000,65,1
CLEMENTI,3,82,290000,60,1
CLEMENTI,3,67,305000,60,10
CLEMENTI,3,67,310000,60,1
CLEMENTI,3,67,318000,61,4
CLEMENTI,3,67,320000,61,4
CLEMENTI,3,74,329000,65,7
CLEMENTI,3,67,338000,59,10
CLEMENTI,3,67,340000,61,10
CLEMENTI,3,61,345000,85,10
CLEMENTI,3,67,346000,60,4
CLEMENTI,3,82,375000,61,4
CLEMENTI,3,82,382000,61,7
CLEMENTI,3,82,435000,61,4
CLEMENTI,4,92,415000,60,4
CLEMENTI,4,105,420000,65,1
CLEMENTI,4,91,423000,62,10
CLEMENTI,4,92,430000,61,1
CLEMENTI,4,92,440000,61,4
CLEMENTI,4,93,450000,62,7
CLEMENTI,4,91,452888,63,4
CLEMENTI,4,92,472000,63,10
CLEMENTI,4,93,492000,66,4
CLEMENTI,4,92,510000,60,1
CLEMENTI,4,91,540000,62,1
CLEMENTI,4,98,545000,60,13
CLEMENTI,4,92,545000,61,10
CLEMENTI,4,92,555800,61,4
CLEMENTI,4,92,588000,60,7
CLEMENTI,4,91,620000,61,7
CLEMENTI,4,92,714000,95,16
CLEMENTI,4,99,735000,95,19
CLEMENTI,4,99,748000,95,19
CLEMENTI,5,119,650000,61,19
CLEMENTI,5,125,665000,60,13
CLEMENTI,5,110,680000,88,4
CLEMENTI,5,119,718000,60,16
CLEMENTI,5,110,790000,84,19
CLEMENTI,5,113,900000,95,28
CLEMENTI,5,113,910000,95,34
CLEMENTI,6,149,770000,66,1
CLEMENTI,6,161,930000,66,10
CLEMENTI,3,68,260000,62,1
CLEMENTI,3,68,265000,62,1
CLEMENTI,3,68,265000,63,1
CLEMENTI,3,67,271000,61,7
CLEMENTI,3,67,300000,67,4
CLEMENTI,3,67,300000,62,10
CLEMENTI,3,74,315000,65,10
CLEMENTI,3,68,318000,62,10
CLEMENTI,3,68,320000,62,4
CLEMENTI,3,67,325000,60,10
CLEMENTI,3,67,328888,60,4
CLEMENTI,3,67,330000,61,4
CLEMENTI,3,67,336000,61,1
CLEMENTI,3,67,339000,62,1
CLEMENTI,3,67,340000,61,7
CLEMENTI,3,67,348888,62,7
CLEMENTI,3,67,350000,61,4
CLEMENTI,3,67,360000,61,1
CLEMENTI,3,67,370000,60,10
CLEMENTI,3,80,375000,60,1
CLEMENTI,3,67,383000,61,7
CLEMENTI,3,67,388000,60,10
CLEMENTI,3,68,390000,62,1
CLEMENTI,3,82,420000,60,10
CLEMENTI,3,75,520000,95,13
CLEMENTI,4,91,390000,62,1
CLEMENTI,4,91,403000,62,1
CLEMENTI,4,91,412000,59,7
CLEMENTI,4,92,421888,59,13
CLEMENTI,4,92,445000,62,7
CLEMENTI,4,98,488000,66,4
CLEMENTI,4,97,508000,60,1
CLEMENTI,4,91,515000,60,4
CLEMENTI,4,97,545000,59,4
CLEMENTI,4,91,590000,59,4
CLEMENTI,4,91,602000,59,7
CLEMENTI,4,96,610000,95,4
CLEMENTI,4,85,623000,84,4
CLEMENTI,4,90,630088,88,4
CLEMENTI,4,104,710000,66,7
CLEMENTI,5,125,640000,60,1
CLEMENTI,5,137,650000,60,1
CLEMENTI,5,119,755000,60,25
CLEMENTI,5,110,783000,84,22
CLEMENTI,5,119,1020000,94,34
CLEMENTI,5,119,1040000,94,37
CLEMENTI,6,151,827000,66,10
CLEMENTI,3,67,280000,62,4
CLEMENTI,3,67,281000,62,7
CLEMENTI,3,67,285000,62,1
CLEMENTI,3,67,295000,59,13
CLEMENTI,3,67,303000,62,10
CLEMENTI,3,67,305000,61,1
CLEMENTI,3,67,312000,62,1
CLEMENTI,3,67,313888,60,1
CLEMENTI,3,67,315000,61,7
CLEMENTI,3,77,320000,65,4
CLEMENTI,3,68,325000,63,4
CLEMENTI,3,67,330000,62,7
CLEMENTI,3,67,338000,61,4
CLEMENTI,3,67,338800,61,4
CLEMENTI,3,67,339000,61,7
CLEMENTI,3,67,345000,61,10
CLEMENTI,3,67,350000,66,1
CLEMENTI,3,67,357000,60,10
CLEMENTI,3,67,358000,61,10
CLEMENTI,3,67,370000,61,10
CLEMENTI,3,67,375000,61,7
CLEMENTI,3,67,378000,60,10
CLEMENTI,3,67,380000,60,10
CLEMENTI,3,67,380000,60,10
CLEMENTI,3,82,388000,59,10
CLEMENTI,3,82,400000,63,10
CLEMENTI,3,82,438000,62,7
CLEMENTI,3,70,565000,95,22
CLEMENTI,4,91,390000,62,1
CLEMENTI,4,91,433000,62,7
CLEMENTI,4,92,485000,61,1
CLEMENTI,4,91,505000,63,10
CLEMENTI,4,83,518000,60,10
CLEMENTI,4,92,528000,60,10
CLEMENTI,4,86,672000,84,10
CLEMENTI,4,90,700000,84,19
CLEMENTI,4,100,720000,95,7
CLEMENTI,4,100,720000,95,10
CLEMENTI,4,90,725000,88,16
CLEMENTI,4,100,735000,95,22
CLEMENTI,4,99,750000,95,19
CLEMENTI,4,94,851800,94,16
CLEMENTI,5,127,670000,66,4
CLEMENTI,5,119,675000,60,4
CLEMENTI,5,137,718000,60,16
CLEMENTI,5,119,738000,60,22
CLEMENTI,5,113,803000,95,19
CLEMENTI,5,110,815000,84,25
CLEMENTI,5,117,888000,95,37
CLEMENTI,3,67,280000,61,7
CLEMENTI,3,68,285000,63,1
CLEMENTI,3,68,290000,63,10
CLEMENTI,3,67,315000,59,4
CLEMENTI,3,67,330000,61,1
CLEMENTI,3,67,335000,60,1
CLEMENTI,3,67,355000,60,10
CLEMENTI,3,82,360000,62,10
CLEMENTI,3,68,363000,62,4
CLEMENTI,3,67,365000,60,10
CLEMENTI,3,67,378888,61,7
CLEMENTI,3,67,380000,60,10
CLEMENTI,3,73,533000,95,13
CLEMENTI,3,73,537000,95,10
CLEMENTI,3,70,538000,95,25
CLEMENTI,3,74,540000,95,19
CLEMENTI,3,74,560000,95,40
CLEMENTI,3,70,618000,94,13
CLEMENTI,4,91,355000,59,1
CLEMENTI,4,104,438000,65,7
CLEMENTI,4,92,450000,59,4
CLEMENTI,4,93,530000,63,7
CLEMENTI,4,91,550000,62,4
CLEMENTI,4,100,665000,95,4
CLEMENTI,4,99,668000,95,10
CLEMENTI,4,90,695000,84,13
CLEMENTI,4,90,705000,84,10
CLEMENTI,4,96,710000,95,22
CLEMENTI,4,99,718000,95,16
CLEMENTI,4,91,720000,95,22
CLEMENTI,4,99,720000,95,10
CLEMENTI,4,91,735000,95,37
CLEMENTI,4,91,763888,95,37
CLEMENTI,4,93,829000,94,19
CLEMENTI,5,121,677000,66,4
CLEMENTI,5,113,835000,95,40
CLEMENTI,3,67,270000,62,7
CLEMENTI,3,67,275000,62,10
CLEMENTI,3,67,283000,62,7
CLEMENTI,3,67,288888,62,10
CLEMENTI,3,68,292000,62,10
CLEMENTI,3,67,295000,67,1
CLEMENTI,3,67,303000,60,4
CLEMENTI,3,67,305000,61,7
CLEMENTI,3,67,325000,60,7
CLEMENTI,3,67,332000,60,4
CLEMENTI,3,67,338000,60,10
CLEMENTI,3,67,345000,60,7
CLEMENTI,3,67,345000,60,7
CLEMENTI,3,67,352000,61,10
CLEMENTI,3,67,355000,59,10
CLEMENTI,3,67,356000,60,7
CLEMENTI,3,67,360000,60,7
CLEMENTI,3,67,360000,62,7
CLEMENTI,3,67,383000,61,7
CLEMENTI,3,67,420000,60,13
CLEMENTI,4,83,335000,59,1
CLEMENTI,4,91,365000,59,1
CLEMENTI,4,91,380000,62,1
CLEMENTI,4,93,400000,62,10
CLEMENTI,4,92,415000,59,10
CLEMENTI,4,91,416000,59,4
CLEMENTI,4,92,420000,62,1
CLEMENTI,4,111,485000,65,4
CLEMENTI,4,94,535000,63,7
CLEMENTI,4,92,680000,95,10
CLEMENTI,4,96,688888,95,13
CLEMENTI,4,103,695000,66,13
CLEMENTI,4,90,700000,84,13
CLEMENTI,5,119,545000,61,7
CLEMENTI,6,147,888000,66,10
CLEMENTI,3,74,250000,65,10
CLEMENTI,3,68,260000,61,1
CLEMENTI,3,68,263800,62,4
CLEMENTI,3,68,268000,63,1
CLEMENTI,3,67,285000,62,7
CLEMENTI,3,68,300000,63,10
CLEMENTI,3,67,305000,60,1
CLEMENTI,3,67,306888,61,10
CLEMENTI,3,67,310288,61,4
CLEMENTI,3,67,318000,60,10
CLEMENTI,3,74,328000,65,10
CLEMENTI,3,67,337000,61,4
CLEMENTI,3,61,345000,84,13
CLEMENTI,3,61,355000,84,19
CLEMENTI,3,67,373000,59,7
CLEMENTI,3,67,380000,59,10
CLEMENTI,3,82,380000,63,1
CLEMENTI,3,82,425000,61,10
CLEMENTI,3,81,429888,60,10
CLEMENTI,3,82,450888,60,10
CLEMENTI,3,75,538000,95,19
CLEMENTI,4,91,428000,63,1
CLEMENTI,4,92,435000,59,10
CLEMENTI,4,92,470000,60,10
CLEMENTI,4,91,490000,66,4
CLEMENTI,4,92,493888,66,4
CLEMENTI,4,92,564500,60,10
CLEMENTI,4,92,565000,60,1
CLEMENTI,4,91,580000,60,10
CLEMENTI,4,100,650000,95,4
CLEMENTI,4,91,668888,95,10
CLEMENTI,4,96,683000,95,13
CLEMENTI,4,90,698000,84,19
CLEMENTI,4,90,700000,88,10
CLEMENTI,4,100,710000,95,19
CLEMENTI,4,96,717000,95,28
CLEMENTI,4,97,910000,93,28
CLEMENTI,4,92,470000,60,10
CLEMENTI,5,119,618000,60,1
CLEMENTI,5,125,635000,59,7
CLEMENTI,5,110,718000,88,4
CLEMENTI,6,150,770000,66,10
CLEMENTI,6,149,772000,66,1
CLEMENTI,6,147,830000,66,10
CLEMENTI,4,100,695000,95,10
CLEMENTI,4,100,730000,95,22
CLEMENTI,3,67,280000,66,4
CLEMENTI,3,69,285000,60,1
CLEMENTI,3,67,290000,61,7
CLEMENTI,3,67,312000,60,1
CLEMENTI,3,67,330000,61,1
CLEMENTI,3,67,335000,66,1
CLEMENTI,3,67,342000,61,10
CLEMENTI,3,67,350000,60,4
CLEMENTI,3,81,365000,59,4
CLEMENTI,3,82,375000,59,1
CLEMENTI,3,67,399000,60,7
CLEMENTI,4,92,398888,61,1
CLEMENTI,4,92,405000,61,4
CLEMENTI,4,91,412000,59,7
CLEMENTI,4,91,413000,59,7
CLEMENTI,4,92,445000,60,1
CLEMENTI,4,91,520000,60,1
CLEMENTI,4,91,520000,62,7
CLEMENTI,4,92,565992,59,10
CLEMENTI,4,100,635000,95,4
CLEMENTI,4,100,659500,95,4
CLEMENTI,4,91,685000,95,10
CLEMENTI,4,99,735000,95,34
CLEMENTI,4,91,738000,95,28
CLEMENTI,5,110,740000,84,7
CLEMENTI,5,137,750000,59,19
CLEMENTI,5,118,898000,95,28
CLEMENTI,6,144,755000,66,1
CLEMENTI,6,147,850000,66,10
CLEMENTI,6,147,870000,66,13
CLEMENTI,6,149,888000,65,10
CLEMENTI,3,74,262000,65,1
CLEMENTI,3,67,282000,61,7
CLEMENTI,3,67,282800,59,10
CLEMENTI,3,67,298000,62,4
CLEMENTI,3,67,312000,61,10
CLEMENTI,3,67,338000,60,7
CLEMENTI,3,68,338000,62,7
CLEMENTI,3,67,350000,61,7
CLEMENTI,3,67,350000,60,10
CLEMENTI,3,67,355000,59,4
CLEMENTI,3,82,358000,61,10
CLEMENTI,3,82,366800,61,10
CLEMENTI,3,82,369000,61,10
CLEMENTI,3,67,380000,59,7
CLEMENTI,3,67,382000,59,10
CLEMENTI,3,81,408000,59,7
CLEMENTI,3,82,430111,60,10
CLEMENTI,3,81,438000,62,7
CLEMENTI,3,70,538000,94,13
CLEMENTI,4,91,390000,61,1
CLEMENTI,4,92,466000,59,7
CLEMENTI,4,103,480000,65,10
CLEMENTI,4,92,480000,59,4
CLEMENTI,4,92,488000,59,7
CLEMENTI,4,98,490000,59,7
CLEMENTI,4,91,535000,60,10
CLEMENTI,4,96,630000,94,4
CLEMENTI,4,96,655000,94,4
CLEMENTI,4,90,698000,84,16
CLEMENTI,4,96,698888,94,13
CLEMENTI,4,91,700000,94,13
CLEMENTI,4,90,718000,87,19
CLEMENTI,5,119,578000,61,13
CLEMENTI,5,126,738000,66,7
CLEMENTI,5,117,800000,94,7
CLEMENTI,5,113,810000,94,16
CLEMENTI,3,67,255000,59,1
CLEMENTI,3,67,260000,61,13
CLEMENTI,3,67,265000,61,4
CLEMENTI,3,67,265000,61,1
CLEMENTI,3,67,268000,59,7
CLEMENTI,3,67,273000,59,1
CLEMENTI,3,67,279000,61,7
CLEMENTI,3,67,280000,61,7
CLEMENTI,3,67,280000,61,10
CLEMENTI,3,74,320000,65,7
CLEMENTI,3,67,330000,61,13
CLEMENTI,3,67,333000,61,1
CLEMENTI,3,67,358000,59,4
CLEMENTI,3,67,360000,66,1
CLEMENTI,3,82,370000,61,7
CLEMENTI,3,67,370000,60,13
CLEMENTI,3,67,390000,60,7
CLEMENTI,3,73,520000,94,16
CLEMENTI,4,92,405000,59,4
CLEMENTI,4,97,487000,59,7
CLEMENTI,4,92,505000,60,4
CLEMENTI,4,91,510000,60,1
CLEMENTI,4,97,518000,59,7
CLEMENTI,4,91,525000,62,7
CLEMENTI,4,90,575000,84,4
CLEMENTI,4,92,575000,60,7
CLEMENTI,4,92,578000,59,13
CLEMENTI,4,100,705800,94,25
CLEMENTI,4,91,730888,94,28
CLEMENTI,5,119,650000,60,4
CLEMENTI,5,117,650000,59,10
CLEMENTI,5,110,770000,84,13
CLEMENTI,6,150,795000,65,10
CLEMENTI,6,150,825000,66,4
CLEMENTI,2,49,340000,94,10
CLEMENTI,3,82,425000,59,10
CLEMENTI,3,61,330000,84,4
CLEMENTI,3,81,430000,59,7
CLEMENTI,3,67,370000,59,7
CLEMENTI,3,67,345000,60,10
CLEMENTI,3,68,342000,62,1
CLEMENTI,3,67,350000,60,10
CLEMENTI,3,67,365000,60,7
CLEMENTI,3,67,330000,60,7
CLEMENTI,3,67,300000,60,10
CLEMENTI,3,68,288000,61,7
CLEMENTI,4,100,630000,94,7
CLEMENTI,4,96,688000,94,13
CLEMENTI,4,96,780888,94,37
CLEMENTI,4,100,680000,94,13
CLEMENTI,4,92,430000,59,1
CLEMENTI,4,91,525000,59,10
CLEMENTI,4,103,474000,65,10
CLEMENTI,4,92,405000,60,4
CLEMENTI,4,92,420000,60,1
CLEMENTI,4,104,460000,64,7
CLEMENTI,4,103,462000,65,4
CLEMENTI,4,91,385000,61,1
CLEMENTI,5,119,700000,59,10
CLEMENTI,5,119,870000,93,19
CLEMENTI,6,147,870000,66,1
CLEMENTI,3,74,275000,64,4
CLEMENTI,3,68,278000,65,7
CLEMENTI,3,67,290000,61,1
CLEMENTI,3,74,305000,64,4
CLEMENTI,3,67,308000,60,10
CLEMENTI,3,67,325000,60,4
CLEMENTI,3,68,348000,62,4
CLEMENTI,3,82,380000,59,7
CLEMENTI,3,82,425000,59,13
CLEMENTI,3,70,460000,94,4
CLEMENTI,3,70,513000,94,13
CLEMENTI,4,92,438000,60,10
CLEMENTI,4,91,470000,61,1
CLEMENTI,4,97,496888,59,10
CLEMENTI,4,90,635000,87,4
CLEMENTI,4,99,660000,94,4
CLEMENTI,5,119,522000,60,1
CLEMENTI,5,119,530000,60,4
CLEMENTI,6,150,820000,66,10
CLEMENTI,3,74,530000,94,28
CLEMENTI,3,67,255000,61,4
CLEMENTI,3,68,275000,65,7
CLEMENTI,3,67,280000,59,10
CLEMENTI,3,67,285000,61,7
CLEMENTI,3,68,288000,61,7
CLEMENTI,3,67,315000,60,1
CLEMENTI,3,67,320000,59,1
CLEMENTI,3,67,320000,60,4
CLEMENTI,3,67,320000,60,10
CLEMENTI,3,67,335000,61,7
CLEMENTI,3,67,340000,61,10
CLEMENTI,3,82,352000,60,1
CLEMENTI,3,61,378000,84,19
CLEMENTI,3,67,390000,59,10
CLEMENTI,3,82,400000,59,4
CLEMENTI,3,67,400000,59,10
CLEMENTI,3,75,550000,94,28
CLEMENTI,4,104,535000,65,4
CLEMENTI,4,100,630888,94,4
CLEMENTI,4,86,650000,83,13
CLEMENTI,4,99,670000,94,10
CLEMENTI,4,91,718888,94,37
CLEMENTI,4,99,724688,94,25
CLEMENTI,4,100,740000,94,22
CLEMENTI,4,94,880000,93,13
CLEMENTI,5,136,656000,64,4
CLEMENTI,5,117,680000,59,10
CLEMENTI,5,110,738000,83,4
CLEMENTI,5,110,775000,87,13
CLEMENTI,6,159,870000,65,1
CLEMENTI,3,67,250000,59,4
CLEMENTI,3,67,270000,60,4
CLEMENTI,3,67,278880,61,7
CLEMENTI,3,67,280000,60,1
CLEMENTI,3,68,280000,61,7
CLEMENTI,3,67,290000,61,4
CLEMENTI,3,67,316000,60,7
CLEMENTI,3,67,318000,60,10
CLEMENTI,3,74,318888,64,7
CLEMENTI,3,67,325000,59,4
CLEMENTI,3,67,340000,60,7
CLEMENTI,3,82,388000,61,7
CLEMENTI,3,82,415000,62,4
CLEMENTI,3,82,418000,61,7
CLEMENTI,3,82,425000,60,7
CLEMENTI,3,74,565000,94,28
CLEMENTI,4,93,405000,61,10
CLEMENTI,4,92,410000,60,4
CLEMENTI,4,91,435000,59,1
CLEMENTI,4,92,460000,59,4
CLEMENTI,4,92,495000,60,10
CLEMENTI,4,91,500000,59,13
CLEMENTI,4,98,520000,60,10
CLEMENTI,4,92,570000,59,10
CLEMENTI,4,92,640000,94,10
CLEMENTI,4,96,675000,94,10
CLEMENTI,4,90,688000,83,19
CLEMENTI,4,96,715000,94,37
CLEMENTI,4,90,728000,87,22
CLEMENTI,4,99,730000,94,31
CLEMENTI,4,93,790000,93,10
CLEMENTI,4,91,860000,93,34
CLEMENTI,4,93,915000,93,34
CLEMENTI,5,125,630000,59,13
CLEMENTI,5,117,680000,59,16
CLEMENTI,5,119,686000,59,13
CLEMENTI,5,121,688000,68,4
CLEMENTI,5,121,780000,65,13
CLEMENTI,5,118,850000,94,13
CLEMENTI,5,142,885000,65,4
CLEMENTI,3,67,252000,61,7
CLEMENTI,3,68,260000,61,1
CLEMENTI,3,68,260000,61,7
CLEMENTI,3,68,263000,61,4
CLEMENTI,3,67,270000,58,4
CLEMENTI,3,67,278000,61,10
CLEMENTI,3,67,288000,60,7
CLEMENTI,3,67,288000,60,1
CLEMENTI,3,67,288000,58,10
CLEMENTI,3,67,290000,61,1
CLEMENTI,3,67,298000,61,10
CLEMENTI,3,74,305000,64,7
CLEMENTI,3,67,315000,58,4
CLEMENTI,3,67,315000,59,10
CLEMENTI,3,68,318000,62,7
CLEMENTI,3,67,325000,60,7
CLEMENTI,3,67,328000,61,4
CLEMENTI,3,67,328800,59,1
CLEMENTI,3,67,330000,59,10
CLEMENTI,3,67,335000,59,1
CLEMENTI,3,67,335000,59,7
CLEMENTI,3,67,350000,59,10
CLEMENTI,3,67,350000,59,4
CLEMENTI,3,82,366000,61,4
CLEMENTI,3,67,380000,59,7
CLEMENTI,3,67,400000,59,13
CLEMENTI,3,82,410000,60,1
CLEMENTI,3,82,438000,59,13
CLEMENTI,3,73,488888,94,7
CLEMENTI,3,74,534000,94,34
CLEMENTI,4,92,376000,60,1
CLEMENTI,4,92,403000,60,1
CLEMENTI,4,91,415000,61,4
CLEMENTI,4,91,420000,61,7
CLEMENTI,4,91,470000,60,1
CLEMENTI,4,92,475000,59,1
CLEMENTI,4,111,480000,64,7
CLEMENTI,4,92,505000,59,4
CLEMENTI,4,104,535000,65,1
CLEMENTI,4,92,585000,94,1
CLEMENTI,4,100,623000,94,7
CLEMENTI,4,99,662000,94,10
CLEMENTI,4,104,670000,65,10
CLEMENTI,4,96,680888,94,22
CLEMENTI,4,96,700000,94,16
CLEMENTI,4,91,705000,94,22
CLEMENTI,4,92,728000,94,34
CLEMENTI,4,93,855000,93,28
CLEMENTI,5,133,565000,65,4
CLEMENTI,5,117,650000,59,16
CLEMENTI,5,134,650000,66,4
CLEMENTI,5,137,733000,59,13
CLEMENTI,5,119,900000,93,37
CLEMENTI,6,162,770000,59,1
CLEMENTI,6,155,850000,65,4
CLEMENTI,2,49,330000,94,10
CLEMENTI,3,67,255000,58,1
CLEMENTI,3,67,265000,61,7
CLEMENTI,3,67,285000,61,13
CLEMENTI,3,68,288000,61,10
CLEMENTI,3,67,288000,59,7
CLEMENTI,3,67,295000,61,4
CLEMENTI,3,67,300000,60,1
CLEMENTI,3,67,310000,60,7
CLEMENTI,3,67,317000,58,1
CLEMENTI,3,82,320000,60,10
CLEMENTI,3,67,325000,58,7
CLEMENTI,3,67,328000,61,10
CLEMENTI,3,82,340000,58,7
CLEMENTI,3,67,357000,59,7
CLEMENTI,3,67,376000,59,10
CLEMENTI,3,82,380000,58,4
CLEMENTI,3,61,380000,83,16
CLEMENTI,3,82,418000,61,10
CLEMENTI,3,70,528888,93,22
CLEMENTI,4,90,388000,60,4
CLEMENTI,4,92,443000,59,10
CLEMENTI,4,91,488000,60,4
CLEMENTI,4,92,508000,58,10
CLEMENTI,4,97,520000,58,10
CLEMENTI,4,97,545000,58,13
CLEMENTI,4,91,546000,59,10
CLEMENTI,4,92,550000,59,13
CLEMENTI,4,91,598000,58,7
CLEMENTI,4,90,660000,83,13
CLEMENTI,4,90,693000,87,13
CLEMENTI,4,100,710000,94,22
CLEMENTI,4,100,727000,94,19
CLEMENTI,5,119,528000,60,13
CLEMENTI,5,125,570000,59,7
CLEMENTI,5,118,600000,61,4
CLEMENTI,6,161,880000,65,10
CLEMENTI,6,146,900000,65,7
CLEMENTI,6,147,925000,65,7
CLEMENTI,3,67,315000,60,4
CLEMENTI,2,44,247000,59,4
CLEMENTI,3,74,255000,64,4
CLEMENTI,3,67,283000,60,1
CLEMENTI,3,67,295000,60,7
CLEMENTI,3,67,303800,59,7
CLEMENTI,3,67,305000,61,4
CLEMENTI,3,67,308000,60,10
CLEMENTI,3,82,315000,60,4
CLEMENTI,3,67,320000,60,10
CLEMENTI,3,67,328000,59,7
CLEMENTI,3,67,330000,60,1
CLEMENTI,3,67,350000,60,10
CLEMENTI,3,67,358000,59,4
CLEMENTI,3,82,368000,60,7
CLEMENTI,3,68,375000,61,4
CLEMENTI,3,82,388000,61,4
CLEMENTI,3,82,420000,65,1
CLEMENTI,4,92,440000,60,13
CLEMENTI,4,92,455000,58,10
CLEMENTI,4,92,518000,59,4
CLEMENTI,4,91,540000,60,10
CLEMENTI,4,103,550000,65,1
CLEMENTI,4,97,565000,58,13
CLEMENTI,4,96,645000,94,4
CLEMENTI,4,91,650000,94,7
CLEMENTI,4,100,650000,94,7
CLEMENTI,4,91,739000,94,28
CLEMENTI,4,100,750000,94,22
CLEMENTI,4,93,828000,93,7
CLEMENTI,4,92,848000,93,16
CLEMENTI,5,125,620000,59,10
CLEMENTI,5,121,630000,60,4
CLEMENTI,5,119,700000,59,16
CLEMENTI,5,110,750000,83,7
CLEMENTI,5,113,880000,94,34
CLEMENTI,5,119,1068000,93,31
CLEMENTI,6,147,833000,65,1
CLEMENTI,2,49,377000,94,22
CLEMENTI,3,67,236000,61,1
CLEMENTI,3,67,240000,61,10
CLEMENTI,3,67,245000,59,4
CLEMENTI,3,74,263000,64,1
CLEMENTI,3,68,265000,62,1
CLEMENTI,3,67,272000,61,13
CLEMENTI,3,68,273000,61,10
CLEMENTI,3,68,275000,61,4
CLEMENTI,3,67,280000,61,7
CLEMENTI,3,67,300000,59,1
CLEMENTI,3,67,310000,59,4
CLEMENTI,3,67,310000,60,7
CLEMENTI,3,82,311000,61,4
CLEMENTI,3,67,315000,59,7
CLEMENTI,3,67,316000,59,10
CLEMENTI,3,67,316000,59,4
CLEMENTI,3,82,320000,58,7
CLEMENTI,3,67,323000,59,10
CLEMENTI,3,68,323000,62,10
CLEMENTI,3,67,330000,60,4
CLEMENTI,3,82,360000,60,4
CLEMENTI,3,82,365000,58,7
CLEMENTI,3,82,365000,61,7
CLEMENTI,3,81,380000,58,4
CLEMENTI,3,73,510000,94,16
CLEMENTI,3,75,530000,94,19
CLEMENTI,3,73,540000,94,34
CLEMENTI,4,83,310000,58,1
CLEMENTI,4,91,380000,62,1
CLEMENTI,4,91,390000,58,10
CLEMENTI,4,91,409000,58,7
CLEMENTI,4,91,418000,58,7
CLEMENTI,4,93,425000,61,10
CLEMENTI,4,91,440000,59,1
CLEMENTI,4,104,448000,64,7
CLEMENTI,4,91,450000,59,1
CLEMENTI,4,92,456666,59,10
CLEMENTI,4,92,486000,65,4
CLEMENTI,4,92,488000,59,10
CLEMENTI,4,99,570000,94,25
CLEMENTI,4,100,630000,94,4
CLEMENTI,4,99,630000,94,4
CLEMENTI,4,96,650000,94,7
CLEMENTI,4,96,650000,94,7
CLEMENTI,4,100,670000,94,13
CLEMENTI,4,90,695000,83,16
CLEMENTI,4,96,720000,94,22
CLEMENTI,4,100,720000,94,13
CLEMENTI,5,119,530000,60,7
CLEMENTI,5,133,600000,64,7
CLEMENTI,5,121,662888,59,10
CLEMENTI,5,110,708888,83,4
CLEMENTI,5,110,818000,87,19
CLEMENTI,5,117,825000,94,7
CLEMENTI,6,157,820000,65,1
CLEMENTI,6,163,820000,61,10
CLEMENTI,6,149,858000,65,4
CLEMENTI,6,163,868888,62,4
CLEMENTI,6,149,895000,65,4
CLEMENTI,2,50,332000,94,22
CLEMENTI,3,75,510000,94,10
CLEMENTI,3,67,279000,60,1
CLEMENTI,3,67,320000,58,4
CLEMENTI,3,67,285000,59,1
CLEMENTI,3,67,342000,59,10
CLEMENTI,3,67,320000,61,7
CLEMENTI,3,67,342000,61,10
CLEMENTI,3,67,360000,59,7
CLEMENTI,3,68,262000,64,7
CLEMENTI,3,68,280000,64,1
CLEMENTI,3,67,260000,61,10
CLEMENTI,3,82,335000,60,7
CLEMENTI,3,67,295000,59,10
CLEMENTI,3,67,282000,58,13
CLEMENTI,4,99,669000,94,16
CLEMENTI,4,92,680000,94,16
CLEMENTI,4,100,685000,94,13
CLEMENTI,4,92,710000,94,19
CLEMENTI,4,92,525000,58,10
CLEMENTI,4,90,680000,87,16
CLEMENTI,4,91,470000,58,1
CLEMENTI,4,91,690000,83,19
CLEMENTI,4,91,508000,59,7
CLEMENTI,4,91,500000,59,7
CLEMENTI,4,92,460000,59,13
CLEMENTI,4,104,450000,64,4
CLEMENTI,4,91,419000,62,10
CLEMENTI,4,91,420000,62,7
CLEMENTI,4,92,392000,58,1
CLEMENTI,5,137,643000,58,1
CLEMENTI,5,118,750000,94,4
CLEMENTI,5,117,825000,94,13
CLEMENTI,5,117,688000,58,25
CLEMENTI,5,119,728000,59,25
CLEMENTI,5,119,650000,59,10
CLEMENTI,5,117,605000,58,19
CLEMENTI,5,119,700000,59,7
CLEMENTI,5,119,523000,60,16
CLEMENTI,6,162,820000,59,10
CLEMENTI,6,150,815000,65,4
CLEMENTI,6,146,860000,65,1
CLEMENTI,2,49,380000,94,25
CLEMENTI,3,70,480000,94,7
CLEMENTI,3,81,400000,58,10
CLEMENTI,3,61,380000,83,7
CLEMENTI,3,81,360000,58,7
CLEMENTI,3,67,338888,58,7
CLEMENTI,3,82,390000,59,1
CLEMENTI,3,67,330000,59,7
CLEMENTI,3,82,424777,58,7
CLEMENTI,3,67,375000,60,4
CLEMENTI,3,67,320000,59,10
CLEMENTI,3,68,335000,61,4
CLEMENTI,3,67,290000,59,1
CLEMENTI,3,67,298000,59,10
CLEMENTI,3,67,304000,61,1
CLEMENTI,3,67,295000,60,1
CLEMENTI,3,67,282000,60,10
CLEMENTI,3,77,291500,64,1
CLEMENTI,3,67,250000,60,7
CLEMENTI,3,74,318000,64,7
CLEMENTI,3,67,253000,61,10
CLEMENTI,3,68,285000,60,10
CLEMENTI,3,67,262000,58,4
CLEMENTI,3,67,230000,58,1
CLEMENTI,3,67,275000,61,10
CLEMENTI,3,67,256500,61,4
CLEMENTI,3,67,258000,61,1
CLEMENTI,3,67,285000,61,4
CLEMENTI,3,67,270000,61,4
CLEMENTI,4,100,610000,94,4
CLEMENTI,4,100,750000,94,34
CLEMENTI,4,100,718000,94,13
CLEMENTI,4,100,698888,94,13
CLEMENTI,4,99,688000,94,16
CLEMENTI,4,92,370000,58,1
CLEMENTI,4,91,450000,59,4
CLEMENTI,4,104,620000,65,7
CLEMENTI,4,91,418000,60,10
CLEMENTI,4,91,400000,58,10
CLEMENTI,5,119,587425,59,4
CLEMENTI,5,119,590000,59,4
CLEMENTI,5,121,600000,60,4
CLEMENTI,5,119,520000,60,13
CLEMENTI,5,119,568000,60,19
CLEMENTI,5,118,628000,61,19
CLEMENTI,5,118,606000,61,4
CLEMENTI,6,148,755000,65,1
CLEMENTI,6,151,885000,64,4
CLEMENTI,2,49,340000,93,10
CLEMENTI,2,44,220000,59,10
CLEMENTI,3,70,480000,94,4
CLEMENTI,3,81,405000,58,4
CLEMENTI,3,61,355000,83,7
CLEMENTI,3,82,418888,58,4
CLEMENTI,3,67,318000,58,10
CLEMENTI,3,67,368000,59,7
CLEMENTI,3,67,383888,58,7
CLEMENTI,3,82,410000,60,1
CLEMENTI,3,67,300000,58,1
CLEMENTI,3,68,303000,61,4
CLEMENTI,3,67,340000,59,4
CLEMENTI,3,67,310000,59,4
CLEMENTI,3,67,370000,58,10
CLEMENTI,3,78,268000,64,1
CLEMENTI,3,68,253000,64,7
CLEMENTI,3,82,358000,61,7
CLEMENTI,3,68,295000,60,10
CLEMENTI,3,82,350000,60,7
CLEMENTI,3,68,280000,64,10
CLEMENTI,3,68,258000,60,7
CLEMENTI,3,67,260000,61,7
CLEMENTI,3,67,250000,58,1
CLEMENTI,3,67,275000,58,13
CLEMENTI,3,67,235000,60,1
CLEMENTI,3,67,248000,60,1
CLEMENTI,4,92,715000,94,25
CLEMENTI,4,99,750000,93,19
CLEMENTI,4,96,780000,93,31
CLEMENTI,4,99,685000,93,10
CLEMENTI,4,100,725000,93,13
CLEMENTI,4,86,607000,83,4
CLEMENTI,4,90,495000,87,1
CLEMENTI,4,92,835000,92,22
CLEMENTI,4,97,915000,92,31
CLEMENTI,4,91,465000,59,1
CLEMENTI,4,104,620000,65,7
CLEMENTI,4,92,358000,60,1
CLEMENTI,4,91,396000,58,10
CLEMENTI,5,125,628000,58,10
CLEMENTI,5,121,845000,93,7
CLEMENTI,5,117,780000,93,16
CLEMENTI,6,155,905000,65,1
CLEMENTI,5,119,660000,59,16
CLEMENTI,5,110,793000,87,13
CLEMENTI,2,50,348000,93,19
CLEMENTI,3,67,375000,58,10
CLEMENTI,3,67,310888,58,4
CLEMENTI,3,70,505000,92,7
CLEMENTI,3,67,348000,59,4
CLEMENTI,3,82,400000,59,4
CLEMENTI,3,67,370000,59,4
CLEMENTI,3,81,380000,58,7
CLEMENTI,3,82,390888,58,10
CLEMENTI,3,67,298000,60,1
CLEMENTI,3,68,310000,61,7
CLEMENTI,3,67,300000,60,7
CLEMENTI,3,82,412000,65,1
CLEMENTI,3,74,275000,64,1
CLEMENTI,3,67,330000,60,10
CLEMENTI,3,68,275000,61,4
CLEMENTI,3,82,300000,60,1
CLEMENTI,4,97,475000,58,4
CLEMENTI,4,99,723000,93,19
CLEMENTI,4,90,638888,83,19
CLEMENTI,4,86,600000,83,4
CLEMENTI,4,90,610000,83,4
CLEMENTI,4,87,788000,92,13
CLEMENTI,4,92,400800,59,7
CLEMENTI,4,92,470000,61,4
CLEMENTI,4,91,452000,61,4
CLEMENTI,4,91,493000,65,10
CLEMENTI,4,104,600000,65,10
CLEMENTI,4,91,385000,60,1
CLEMENTI,4,91,365000,60,4
CLEMENTI,4,92,412000,61,7
CLEMENTI,4,91,415000,58,4
CLEMENTI,4,93,428000,60,10
CLEMENTI,5,118,840000,93,13
CLEMENTI,5,118,858888,93,10
CLEMENTI,5,118,888888,93,22
CLEMENTI,5,118,628000,61,13
CLEMENTI,6,149,880000,64,10
CLEMENTI,6,152,835000,64,1
CLEMENTI,3,67,320000,60,7
CLEMENTI,2,44,222000,59,7
CLEMENTI,3,67,330000,58,7
CLEMENTI,3,68,361000,60,1
CLEMENTI,3,81,388000,59,4
CLEMENTI,3,68,320000,61,4
CLEMENTI,3,67,308000,60,10
CLEMENTI,3,82,370000,60,4
CLEMENTI,3,67,308000,60,10
CLEMENTI,3,67,346000,59,10
CLEMENTI,3,67,240000,59,1
CLEMENTI,3,67,290000,59,10
CLEMENTI,3,68,270000,60,4
CLEMENTI,3,68,268000,60,10
CLEMENTI,3,68,278000,60,10
CLEMENTI,3,68,330000,60,4
CLEMENTI,3,68,270000,60,10
CLEMENTI,3,67,285000,58,4
CLEMENTI,3,67,250000,58,10
CLEMENTI,4,91,741000,93,34
CLEMENTI,4,100,685000,93,7
CLEMENTI,4,90,612888,86,4
CLEMENTI,4,101,480000,59,4
CLEMENTI,4,90,676000,86,16
CLEMENTI,4,91,520000,59,7
CLEMENTI,4,98,530000,67,10
CLEMENTI,4,93,430000,60,7
CLEMENTI,5,113,920000,93,37
CLEMENTI,5,121,555000,59,4
CLEMENTI,2,44,240000,59,10
CLEMENTI,3,74,523000,93,22
CLEMENTI,3,67,360000,58,7
CLEMENTI,3,82,370000,58,4
CLEMENTI,3,67,365000,58,4
CLEMENTI,3,67,330000,58,7
CLEMENTI,3,67,322000,58,4
CLEMENTI,3,67,310000,58,1
CLEMENTI,3,67,320000,59,10
CLEMENTI,3,67,250000,59,4
CLEMENTI,3,67,348000,59,7
CLEMENTI,3,67,333000,59,7
CLEMENTI,3,82,378000,59,7
CLEMENTI,3,67,280000,59,1
CLEMENTI,3,67,346888,60,4
CLEMENTI,3,67,335000,59,1
CLEMENTI,3,67,348000,59,4
CLEMENTI,3,67,270000,60,7
CLEMENTI,3,67,310000,58,4
CLEMENTI,3,82,415000,58,4
CLEMENTI,3,74,240000,63,1
CLEMENTI,3,74,242000,63,4
CLEMENTI,3,68,281000,64,7
CLEMENTI,3,68,280000,60,4
CLEMENTI,3,68,232000,64,1
CLEMENTI,3,68,278000,60,7
CLEMENTI,3,67,262000,58,4
CLEMENTI,3,67,250000,58,7
CLEMENTI,3,67,285000,58,10
CLEMENTI,3,82,320000,58,4
CLEMENTI,3,67,285000,60,4
CLEMENTI,4,97,430000,58,1
CLEMENTI,4,97,430000,58,1
CLEMENTI,4,97,470000,58,10
CLEMENTI,4,99,708000,93,10
CLEMENTI,4,92,570000,93,1
CLEMENTI,4,100,680000,93,7
CLEMENTI,4,96,720000,93,22
CLEMENTI,4,100,730000,93,16
CLEMENTI,4,100,745000,93,37
CLEMENTI,4,92,462000,58,1
CLEMENTI,4,83,460000,58,1
CLEMENTI,4,91,820000,92,10
CLEMENTI,4,85,604000,82,4
CLEMENTI,4,90,685000,82,10
CLEMENTI,4,90,680000,86,10
CLEMENTI,4,86,520000,82,1
CLEMENTI,4,90,690000,82,19
CLEMENTI,4,91,500000,59,7
CLEMENTI,4,92,418000,59,10
CLEMENTI,4,92,400000,60,7
CLEMENTI,4,91,365000,61,1
CLEMENTI,5,117,605000,58,10
CLEMENTI,5,110,820000,82,25
CLEMENTI,5,121,775000,64,7
CLEMENTI,5,133,620000,64,7
CLEMENTI,6,150,859000,65,13
CLEMENTI,6,162,800000,58,10
CLEMENTI,2,49,285000,93,7
CLEMENTI,2,50,378000,93,25
CLEMENTI,3,74,528000,93,22
CLEMENTI,3,67,315000,58,4
CLEMENTI,3,67,315000,57,1
CLEMENTI,3,68,322000,61,4
CLEMENTI,3,67,315000,59,4
CLEMENTI,3,68,260000,60,1
CLEMENTI,3,82,318000,60,1
CLEMENTI,3,68,300000,63,10
CLEMENTI,3,68,260000,60,4
CLEMENTI,3,67,283000,58,10
CLEMENTI,3,82,300000,60,1
CLEMENTI,3,82,260000,60,10
CLEMENTI,4,91,680000,93,13
CLEMENTI,4,96,692000,93,7
CLEMENTI,4,99,658000,93,4
CLEMENTI,4,92,468888,58,7
CLEMENTI,4,96,950000,92,19
CLEMENTI,4,93,838000,92,10
CLEMENTI,4,91,475000,61,7
CLEMENTI,4,104,430888,63,7
CLEMENTI,4,92,360000,60,7
CLEMENTI,4,91,380000,60,7
CLEMENTI,4,91,412000,60,10
CLEMENTI,4,83,300000,57,7
CLEMENTI,5,134,720000,58,10
CLEMENTI,5,110,748000,82,7
CLEMENTI,5,127,725000,64,7
CLEMENTI,5,127,728000,64,1
CLEMENTI,5,123,798000,64,13
CLEMENTI,6,147,855000,65,4
CLEMENTI,3,75,515000,93,16
CLEMENTI,3,73,513000,93,25
CLEMENTI,3,73,523888,93,13
CLEMENTI,3,67,395000,59,10
CLEMENTI,3,67,360000,58,7
CLEMENTI,3,68,320000,61,10
CLEMENTI,3,67,298000,59,7
CLEMENTI,3,67,299700,59,7
CLEMENTI,3,67,318000,59,10
CLEMENTI,3,67,345000,60,4
CLEMENTI,3,67,315000,59,10
CLEMENTI,3,67,265000,59,1
CLEMENTI,3,67,283000,59,7
CLEMENTI,3,68,245000,61,1
CLEMENTI,3,67,258000,60,4
CLEMENTI,3,82,340000,63,4
CLEMENTI,3,67,248000,60,1
CLEMENTI,3,67,259000,60,4
CLEMENTI,3,67,243000,60,1
CLEMENTI,4,96,680000,93,7
CLEMENTI,4,96,730000,93,22
CLEMENTI,4,100,729999,93,16
CLEMENTI,4,92,540000,58,10
CLEMENTI,4,91,560000,59,7
CLEMENTI,4,92,415000,59,1
CLEMENTI,4,92,448000,59,7
CLEMENTI,4,92,478000,59,10
CLEMENTI,4,98,465000,64,10
CLEMENTI,4,105,398000,63,4
CLEMENTI,4,93,388000,60,7
CLEMENTI,4,91,375000,61,7
CLEMENTI,4,93,390000,60,1
CLEMENTI,5,125,600000,58,10
CLEMENTI,5,119,540000,58,4
CLEMENTI,5,119,688000,58,10
CLEMENTI,5,117,525000,58,13
CLEMENTI,5,121,640000,67,10
CLEMENTI,5,121,650000,64,1
CLEMENTI,5,133,613000,64,7
CLEMENTI,6,147,910000,64,7
CLEMENTI,3,74,525000,93,22
CLEMENTI,3,67,300000,58,1
CLEMENTI,3,67,356000,57,4
CLEMENTI,3,67,308000,59,1
CLEMENTI,3,68,300000,61,7
CLEMENTI,3,67,300000,59,4
CLEMENTI,3,67,290000,59,4
CLEMENTI,3,67,315000,60,10
CLEMENTI,3,81,415000,64,4
CLEMENTI,3,67,315888,59,4
CLEMENTI,3,67,260000,60,4
CLEMENTI,3,68,250000,63,4
CLEMENTI,3,67,260000,65,4
CLEMENTI,3,68,262000,61,4
CLEMENTI,3,67,250000,60,1
CLEMENTI,3,67,285000,60,7
CLEMENTI,4,100,745000,93,28
CLEMENTI,4,90,484000,57,10
CLEMENTI,4,90,510000,86,1
CLEMENTI,4,90,710000,82,19
CLEMENTI,4,92,418000,59,4
CLEMENTI,4,92,460000,58,4
CLEMENTI,4,91,390000,60,10
CLEMENTI,4,92,348000,60,1
CLEMENTI,4,91,380000,61,7
CLEMENTI,4,91,380000,61,10
CLEMENTI,4,83,353000,58,10
CLEMENTI,5,119,698000,58,7
CLEMENTI,5,117,570000,58,13
CLEMENTI,5,117,580000,57,10
CLEMENTI,5,110,772888,82,10
CLEMENTI,5,119,560000,59,19
CLEMENTI,6,147,810000,64,4
CLEMENTI,6,153,817000,64,1
CLEMENTI,2,50,324000,93,7
CLEMENTI,3,82,365000,57,7
CLEMENTI,3,67,320000,58,7
CLEMENTI,3,81,375000,57,10
CLEMENTI,3,67,320000,58,7
CLEMENTI,3,67,305000,59,10
CLEMENTI,3,67,340000,59,4
CLEMENTI,3,67,305000,59,1
CLEMENTI,3,67,270000,58,1
CLEMENTI,3,81,397000,60,7
CLEMENTI,3,67,350000,58,10
CLEMENTI,3,67,300000,58,4
CLEMENTI,3,81,375000,64,4
CLEMENTI,3,74,322888,63,10
CLEMENTI,3,68,235000,61,4
CLEMENTI,3,67,280000,65,7
CLEMENTI,3,67,240000,60,7
CLEMENTI,3,68,275000,60,4
CLEMENTI,3,68,235000,61,7
CLEMENTI,3,67,260000,60,1
CLEMENTI,3,67,275000,60,7
CLEMENTI,4,98,415000,57,7
CLEMENTI,4,98,455000,57,7
CLEMENTI,4,91,653000,93,4
CLEMENTI,4,91,695000,93,10
CLEMENTI,4,91,580000,93,4
CLEMENTI,4,92,438000,58,10
CLEMENTI,4,92,450000,58,4
CLEMENTI,4,86,608000,82,1
CLEMENTI,4,92,420000,58,1
CLEMENTI,4,92,448000,58,4
CLEMENTI,4,91,453000,64,10
CLEMENTI,4,104,480000,63,7
CLEMENTI,4,92,395000,60,7
CLEMENTI,4,91,402000,61,10
CLEMENTI,4,93,375000,60,10
CLEMENTI,5,125,588000,58,1
CLEMENTI,5,120,816000,93,10
CLEMENTI,5,113,905000,93,40
CLEMENTI,5,117,620000,57,16
CLEMENTI,5,119,650000,58,7
CLEMENTI,5,119,635000,58,7
CLEMENTI,5,123,640000,66,4
CLEMENTI,5,121,640000,64,1
CLEMENTI,6,150,800000,64,1
CLEMENTI,6,147,745000,64,10
CLEMENTI,6,147,805000,64,1
CLEMENTI,2,44,205000,59,7
CLEMENTI,3,70,523000,93,16
CLEMENTI,3,81,335000,57,1
CLEMENTI,3,61,375000,82,16
CLEMENTI,3,67,311000,58,4
CLEMENTI,3,67,405000,57,4
CLEMENTI,3,67,345000,60,10
CLEMENTI,3,67,340000,60,10
CLEMENTI,3,67,365000,58,7
CLEMENTI,3,67,272000,58,1
CLEMENTI,3,68,260000,60,1
CLEMENTI,3,67,268000,58,10
CLEMENTI,3,67,260000,58,1
CLEMENTI,3,67,270000,59,4
CLEMENTI,3,74,310000,63,10
CLEMENTI,3,74,260000,63,10
CLEMENTI,3,67,270000,60,1
CLEMENTI,3,68,242000,61,7
CLEMENTI,3,67,245000,58,10
CLEMENTI,3,82,265000,57,1
CLEMENTI,4,97,458000,57,7
CLEMENTI,4,100,682000,93,28
CLEMENTI,4,90,700000,86,19
CLEMENTI,4,93,880000,92,28
CLEMENTI,4,91,505000,58,10
CLEMENTI,4,91,515000,58,7
CLEMENTI,4,91,508888,58,10
CLEMENTI,4,104,600000,64,13
CLEMENTI,4,93,402000,60,4
CLEMENTI,5,118,870000,93,10
CLEMENTI,5,119,540000,58,1
CLEMENTI,5,119,710000,58,22
CLEMENTI,6,156,755000,64,1
CLEMENTI,6,149,840000,64,13
CLEMENTI,2,44,205000,58,4
CLEMENTI,3,73,490000,93,7
CLEMENTI,3,67,280000,59,1
CLEMENTI,3,67,290000,57,1
CLEMENTI,3,82,305000,57,4
CLEMENTI,3,67,368000,58,7
CLEMENTI,3,82,405000,60,10
CLEMENTI,3,67,320000,58,4
CLEMENTI,3,67,338000,58,4
CLEMENTI,3,67,298000,58,7
CLEMENTI,3,67,325000,60,10
CLEMENTI,3,82,343000,60,4
CLEMENTI,3,72,350000,58,1
CLEMENTI,3,74,240000,63,1
CLEMENTI,3,67,260000,59,4
CLEMENTI,3,74,308000,63,10
CLEMENTI,3,68,260000,60,4
CLEMENTI,3,68,310000,63,10
CLEMENTI,3,67,280000,60,13
CLEMENTI,3,67,270000,60,10
CLEMENTI,3,67,276000,60,10
CLEMENTI,4,100,730000,93,7
CLEMENTI,4,91,653888,93,4
CLEMENTI,4,100,740000,93,22
CLEMENTI,4,92,375000,57,4
CLEMENTI,4,90,692000,86,7
CLEMENTI,4,90,595000,86,1
CLEMENTI,4,90,706000,82,19
CLEMENTI,4,91,515000,57,10
CLEMENTI,4,91,500000,58,4
CLEMENTI,4,91,510000,58,7
CLEMENTI,4,91,500000,58,7
CLEMENTI,4,92,602000,57,10
CLEMENTI,4,92,418000,59,10
CLEMENTI,4,92,360000,59,1
CLEMENTI,4,91,350000,59,10
CLEMENTI,4,93,380000,63,1
CLEMENTI,4,92,377000,60,4
CLEMENTI,4,92,382000,58,4
CLEMENTI,5,125,600000,58,10
CLEMENTI,5,113,860000,93,19
CLEMENTI,5,117,625000,57,4
CLEMENTI,5,117,538000,57,13
CLEMENTI,5,119,870000,92,13
CLEMENTI,5,119,1038000,92,28
CLEMENTI,6,150,810000,64,1
CLEMENTI,6,154,920000,64,13
CLEMENTI,6,154,703000,64,1
CLEMENTI,3,74,505000,93,13
CLEMENTI,3,67,355000,57,10
CLEMENTI,3,67,348000,57,4
CLEMENTI,3,67,385000,58,10
CLEMENTI,3,67,310000,60,7
CLEMENTI,3,67,288000,58,7
CLEMENTI,3,67,283000,59,7
CLEMENTI,3,67,315000,58,7
CLEMENTI,3,67,265000,59,7
CLEMENTI,3,67,288000,59,7
CLEMENTI,3,74,247000,63,4
CLEMENTI,3,68,245000,60,1
CLEMENTI,3,67,240000,60,10
CLEMENTI,3,67,230000,60,1
CLEMENTI,3,82,353888,60,7
CLEMENTI,3,67,260000,60,7
CLEMENTI,4,100,734000,93,22
CLEMENTI,4,90,652000,82,10
CLEMENTI,4,86,608000,82,4
CLEMENTI,4,87,826000,91,7
CLEMENTI,4,92,400000,58,7
CLEMENTI,4,92,420000,58,10
CLEMENTI,4,91,450000,61,4
CLEMENTI,4,92,438000,58,1
CLEMENTI,4,92,470000,61,4
CLEMENTI,4,91,428888,64,4
CLEMENTI,4,91,395000,64,1
CLEMENTI,4,92,386000,59,4
CLEMENTI,4,92,390000,59,7
CLEMENTI,4,92,390000,59,4
CLEMENTI,4,91,393000,60,7
CLEMENTI,5,120,780000,93,16
CLEMENTI,5,119,728888,58,22
CLEMENTI,5,119,565000,59,22
CLEMENTI,6,147,838000,64,10
CLEMENTI,6,147,750000,64,1
CLEMENTI,6,150,770000,59,10
CLEMENTI,5,121,902888,93,34
CLEMENTI,5,113,800000,93,7
CLEMENTI,3,73,510000,93,7
CLEMENTI,3,74,565000,93,37
CLEMENTI,3,67,315000,57,4
CLEMENTI,3,67,285000,58,4
CLEMENTI,3,67,270000,58,1
CLEMENTI,3,67,325000,57,4
CLEMENTI,3,67,355000,58,7
CLEMENTI,3,67,270000,59,10
CLEMENTI,3,67,268000,58,1
CLEMENTI,3,67,280000,59,4
CLEMENTI,5,120,830000,93,7
CLEMENTI,3,67,260000,59,4
CLEMENTI,3,82,350000,58,7
CLEMENTI,3,67,315000,64,4
CLEMENTI,3,67,230000,60,4
CLEMENTI,3,68,245000,61,1
CLEMENTI,3,67,250000,60,4
CLEMENTI,3,68,268000,59,7
CLEMENTI,3,82,295000,57,13
CLEMENTI,3,67,268000,57,4
CLEMENTI,3,67,248000,60,1
CLEMENTI,3,67,256000,60,7
CLEMENTI,4,97,457000,57,7
CLEMENTI,4,97,478000,57,10
CLEMENTI,4,100,670000,93,10
CLEMENTI,4,100,700000,93,7
CLEMENTI,4,92,405000,58,7
CLEMENTI,4,92,400000,58,4
CLEMENTI,4,92,535000,57,7
CLEMENTI,4,90,688000,82,19
CLEMENTI,4,92,375000,58,1
CLEMENTI,4,92,570000,57,10
CLEMENTI,5,119,700000,58,22
CLEMENTI,5,110,820000,86,22
CLEMENTI,5,121,666000,66,4
CLEMENTI,5,147,808000,64,10
CLEMENTI,5,119,465000,59,7
CLEMENTI,6,154,750000,64,1
CLEMENTI,3,75,475000,92,4
CLEMENTI,3,73,513000,92,10
CLEMENTI,3,67,255000,58,4
CLEMENTI,3,61,368000,82,10
CLEMENTI,3,81,383000,57,7
CLEMENTI,3,67,360000,57,10
CLEMENTI,3,68,330888,60,10
CLEMENTI,3,67,301000,58,7
CLEMENTI,3,67,308000,59,7
CLEMENTI,3,67,325000,58,10
CLEMENTI,3,81,343000,60,1
CLEMENTI,3,67,280000,58,1
CLEMENTI,3,67,299000,59,10
CLEMENTI,3,67,365000,57,10
CLEMENTI,3,67,355000,57,13
CLEMENTI,3,67,260000,58,1
CLEMENTI,3,67,255000,59,10
CLEMENTI,3,74,305000,63,10
CLEMENTI,3,67,285000,59,4
CLEMENTI,3,67,230000,60,10
CLEMENTI,3,82,318000,60,7
CLEMENTI,3,67,248000,60,1
CLEMENTI,3,67,264000,60,1
CLEMENTI,3,68,245000,59,4
CLEMENTI,3,68,265000,59,7
CLEMENTI,3,68,295000,63,10
CLEMENTI,3,67,255000,59,1
CLEMENTI,3,68,260000,63,4
CLEMENTI,3,67,293000,57,10
CLEMENTI,3,67,275000,59,10
CLEMENTI,3,67,250000,59,1
CLEMENTI,4,99,736000,93,10
CLEMENTI,4,100,720000,92,7
CLEMENTI,4,100,740000,92,19
CLEMENTI,4,90,665000,86,7
CLEMENTI,4,91,725000,82,19
CLEMENTI,4,92,425000,58,13
CLEMENTI,4,92,438000,59,10
CLEMENTI,4,92,428000,58,10
CLEMENTI,4,91,568000,57,1
CLEMENTI,4,104,538000,64,4
CLEMENTI,4,103,438000,63,4
CLEMENTI,5,125,573888,57,7
CLEMENTI,5,120,868000,92,25
CLEMENTI,5,119,670000,58,10
CLEMENTI,5,110,765888,82,10
CLEMENTI,5,118,615000,60,10
CLEMENTI,5,121,545000,59,7
CLEMENTI,3,82,360000,58,1
CLEMENTI,3,81,355000,58,1
CLEMENTI,3,67,320000,58,1
CLEMENTI,3,82,380000,58,7
CLEMENTI,3,82,342000,58,1
CLEMENTI,3,68,295000,60,7
CLEMENTI,3,67,330000,58,1
CLEMENTI,3,67,276000,58,4
CLEMENTI,3,67,310000,58,10
CLEMENTI,3,67,383000,57,7
CLEMENTI,3,67,308000,58,7
CLEMENTI,3,67,282500,64,4
CLEMENTI,3,67,250000,59,7
CLEMENTI,3,77,240000,63,4
CLEMENTI,3,67,235000,60,4
CLEMENTI,3,82,335000,59,4
CLEMENTI,3,67,275000,59,10
CLEMENTI,4,99,720888,92,7
CLEMENTI,4,91,682000,92,7
CLEMENTI,4,92,540000,57,13
CLEMENTI,4,92,480000,57,7
CLEMENTI,4,91,448000,58,1
CLEMENTI,4,91,705000,82,19
CLEMENTI,4,86,650000,82,13
CLEMENTI,4,90,688000,82,16
CLEMENTI,4,91,480000,58,1
CLEMENTI,4,92,405000,58,7
CLEMENTI,4,92,490000,58,7
CLEMENTI,4,91,530000,57,4
CLEMENTI,4,108,500000,64,4
CLEMENTI,5,121,638000,66,7
CLEMENTI,5,121,780000,64,10
CLEMENTI,3,75,445000,92,4
CLEMENTI,3,74,452000,92,4
CLEMENTI,3,67,278000,57,1
CLEMENTI,3,68,350000,59,1
CLEMENTI,3,67,288000,59,1
CLEMENTI,3,68,280000,60,4
CLEMENTI,3,67,298888,58,10
CLEMENTI,3,68,318000,60,7
CLEMENTI,3,67,355000,59,4
CLEMENTI,3,67,268000,58,1
CLEMENTI,3,67,299000,59,1
CLEMENTI,3,82,364000,58,7
CLEMENTI,3,67,256000,58,1
CLEMENTI,3,67,265000,59,4
CLEMENTI,3,77,225000,62,1
CLEMENTI,3,67,263000,59,1
CLEMENTI,4,99,740000,92,13
CLEMENTI,4,96,695000,92,7
CLEMENTI,4,92,545000,57,7
CLEMENTI,4,91,500000,57,1
CLEMENTI,4,91,527000,64,13
CLEMENTI,4,93,408000,59,10
CLEMENTI,4,93,401000,64,7
CLEMENTI,4,92,360000,59,4
CLEMENTI,4,91,338000,60,4
CLEMENTI,5,121,900000,92,31
CLEMENTI,5,117,560000,57,7
CLEMENTI,5,121,552000,58,7
CLEMENTI,5,133,615000,63,10
CLEMENTI,2,50,318000,92,28
CLEMENTI,3,67,323888,57,4
CLEMENTI,3,67,330888,57,10
CLEMENTI,3,67,350000,58,4
CLEMENTI,3,68,285000,60,4
CLEMENTI,3,67,315000,57,1
CLEMENTI,3,68,235000,59,4
CLEMENTI,3,67,255000,64,7
CLEMENTI,3,67,276000,57,7
CLEMENTI,4,100,625000,92,4
CLEMENTI,4,92,408000,57,4
CLEMENTI,4,86,628000,81,7
CLEMENTI,4,96,860000,91,22
CLEMENTI,4,91,705000,81,19
CLEMENTI,4,82,752000,94,34
CLEMENTI,4,82,772000,94,31
CLEMENTI,4,81,726000,93,31
CLEMENTI,4,81,790000,93,25
CLEMENTI,4,81,722000,93,10
CLEMENTI,4,80,716666,93,10
CLEMENTI,4,92,380000,58,1
CLEMENTI,4,104,580000,63,4
CLEMENTI,4,108,560000,63,13
CLEMENTI,4,104,360000,62,1
CLEMENTI,4,91,340000,59,4
CLEMENTI,4,92,360000,57,4
CLEMENTI,4,83,322888,57,7
CLEMENTI,5,125,680000,57,19
CLEMENTI,5,121,895000,92,25
CLEMENTI,5,116,1000000,91,10
CLEMENTI,5,121,560000,66,7
CLEMENTI,5,121,498000,58,7
CLEMENTI,5,118,600000,60,19
CLEMENTI,6,147,840000,64,10
CLEMENTI,4,82,728000,93,10
CLEMENTI,4,82,763000,93,16
CLEMENTI,3,73,440000,92,4
CLEMENTI,3,73,448000,92,1
CLEMENTI,3,74,539000,92,22
CLEMENTI,3,67,290000,56,7
CLEMENTI,3,68,330000,59,1
CLEMENTI,3,67,320000,58,4
CLEMENTI,3,70,623888,91,31
CLEMENTI,3,81,408000,57,13
CLEMENTI,3,67,308888,57,7
CLEMENTI,3,68,320000,60,4
CLEMENTI,3,60,500000,93,7
CLEMENTI,3,67,310000,59,7
CLEMENTI,3,67,250000,58,1
CLEMENTI,3,60,552000,93,16
CLEMENTI,3,67,308000,58,7
CLEMENTI,3,67,257000,59,1
CLEMENTI,3,67,250000,58,4
CLEMENTI,3,82,310000,58,4
CLEMENTI,3,67,250000,56,10
CLEMENTI,3,82,270000,59,4
CLEMENTI,4,90,760000,85,25
CLEMENTI,4,86,628000,81,4
CLEMENTI,4,90,703000,85,19
CLEMENTI,4,92,445000,58,4
CLEMENTI,4,82,800000,93,37
CLEMENTI,4,92,450000,58,13
CLEMENTI,4,80,788000,93,37
CLEMENTI,4,80,745000,93,19
CLEMENTI,4,92,465000,58,7
CLEMENTI,4,104,500000,63,4
CLEMENTI,4,104,518000,63,4
CLEMENTI,4,92,338000,58,4
CLEMENTI,4,91,339000,60,1
CLEMENTI,5,121,885000,92,19
CLEMENTI,5,119,650000,57,7
CLEMENTI,5,117,570000,57,4
CLEMENTI,5,110,800000,81,19
CLEMENTI,5,105,815000,93,4
CLEMENTI,5,105,928400,93,25
CLEMENTI,5,105,963000,93,37
CLEMENTI,6,148,690000,56,4
CLEMENTI,6,144,765000,64,4
CLEMENTI,3,75,508000,92,19
CLEMENTI,3,75,528000,92,19
CLEMENTI,3,70,530000,92,16
CLEMENTI,3,67,438000,57,10
CLEMENTI,3,67,346888,57,10
CLEMENTI,3,67,283888,58,1
CLEMENTI,3,60,515000,93,7
CLEMENTI,3,68,277500,60,1
CLEMENTI,3,67,258000,58,1
CLEMENTI,3,67,309999,58,7
CLEMENTI,3,60,537000,93,19
CLEMENTI,3,60,586000,93,40
CLEMENTI,3,67,328000,58,7
CLEMENTI,3,67,265000,58,4
CLEMENTI,3,67,320000,59,4
CLEMENTI,3,67,308000,57,1
CLEMENTI,3,81,375000,63,4
CLEMENTI,3,74,315000,62,7
CLEMENTI,3,74,295000,62,4
CLEMENTI,3,67,260000,58,1
CLEMENTI,3,67,275000,58,4
CLEMENTI,3,68,275000,62,7
CLEMENTI,3,68,270000,59,7
CLEMENTI,4,97,470000,57,10
CLEMENTI,4,97,483000,57,10
CLEMENTI,4,100,718000,92,22
CLEMENTI,4,91,740888,92,19
CLEMENTI,4,92,485000,56,4
CLEMENTI,4,92,508000,57,7
CLEMENTI,4,86,660000,81,10
CLEMENTI,4,90,709000,81,7
CLEMENTI,4,82,735000,93,25
CLEMENTI,4,80,700000,93,4
CLEMENTI,4,82,695000,93,4
CLEMENTI,4,80,717000,93,7
CLEMENTI,4,81,763000,93,22
CLEMENTI,4,80,748000,93,16
CLEMENTI,4,103,436666,63,4
CLEMENTI,4,91,368000,60,4
CLEMENTI,4,91,390000,56,7
CLEMENTI,5,119,660000,57,25
CLEMENTI,5,105,925000,93,16
CLEMENTI,5,105,938000,93,16
CLEMENTI,5,105,910000,93,19
CLEMENTI,5,121,660000,66,10
CLEMENTI,5,118,636888,60,10
CLEMENTI,6,150,898888,63,13
CLEMENTI,6,147,855000,63,13
CLEMENTI,3,67,365000,56,10
CLEMENTI,3,60,460000,93,7
CLEMENTI,3,67,295000,59,4
CLEMENTI,4,90,735000,81,22
CLEMENTI,4,91,450000,56,4
CLEMENTI,4,92,415000,59,10
CLEMENTI,5,121,825000,92,7
CLEMENTI,6,147,717500,63,4
CLEMENTI,3,61,395000,81,7
CLEMENTI,3,60,510000,93,4
CLEMENTI,3,82,347000,59,4
CLEMENTI,3,67,280000,64,7
CLEMENTI,3,67,262000,56,13
CLEMENTI,4,92,445000,57,7
CLEMENTI,5,121,570000,58,7
CLEMENTI,5,118,655000,59,22
CLEMENTI,2,49,315000,92,13
CLEMENTI,3,73,535000,92,25
CLEMENTI,3,67,328000,57,10
CLEMENTI,3,67,318000,56,7
CLEMENTI,3,67,250000,56,1
CLEMENTI,3,67,328888,56,4
CLEMENTI,3,67,288000,58,1
CLEMENTI,3,67,313000,57,7
CLEMENTI,3,82,375000,57,4
CLEMENTI,3,67,330000,57,4
CLEMENTI,3,67,318888,58,7
CLEMENTI,3,82,300000,57,4
CLEMENTI,3,67,320000,57,1
CLEMENTI,3,67,288000,58,1
CLEMENTI,3,68,282888,60,1
CLEMENTI,3,67,310000,58,1
CLEMENTI,3,67,270000,58,4
CLEMENTI,3,67,290000,57,1
CLEMENTI,3,67,285000,58,7
CLEMENTI,3,67,313000,58,7
CLEMENTI,3,67,300000,57,7
CLEMENTI,3,74,270000,62,7
CLEMENTI,3,74,265000,62,7
CLEMENTI,3,74,268000,62,10
CLEMENTI,3,67,260000,58,1
CLEMENTI,3,67,250000,58,1
CLEMENTI,3,67,260000,59,7
CLEMENTI,3,82,293000,63,10
CLEMENTI,3,67,250000,59,4
CLEMENTI,3,67,222000,57,4
CLEMENTI,3,67,270000,57,1
CLEMENTI,3,67,237000,56,7
CLEMENTI,3,67,225000,56,4
CLEMENTI,3,67,245000,56,1
CLEMENTI,4,96,715000,92,13
CLEMENTI,4,96,735000,92,28
CLEMENTI,4,92,485000,56,10
CLEMENTI,4,86,670000,81,7
CLEMENTI,4,92,385000,58,4
CLEMENTI,4,82,760000,93,31
CLEMENTI,4,92,388000,58,4
CLEMENTI,4,92,480000,58,10
CLEMENTI,4,92,395000,58,7
CLEMENTI,4,91,475000,60,10
CLEMENTI,4,104,525000,63,7
CLEMENTI,4,92,438000,58,13
CLEMENTI,4,104,448000,62,7
CLEMENTI,4,93,350000,63,1
CLEMENTI,4,91,320000,59,1
CLEMENTI,4,92,390000,59,7
CLEMENTI,5,117,590000,56,4
CLEMENTI,5,121,580000,58,10
CLEMENTI,5,118,488000,59,1
CLEMENTI,5,118,585000,59,7
CLEMENTI,6,161,820000,63,4
CLEMENTI,4,80,776000,93,37
CLEMENTI,2,49,295000,92,7
CLEMENTI,3,74,515000,92,13
CLEMENTI,3,74,500000,92,13
CLEMENTI,3,67,310000,57,4
CLEMENTI,3,67,290000,57,1
CLEMENTI,3,61,400000,81,16
CLEMENTI,3,67,276000,57,1
CLEMENTI,3,67,310000,57,1
CLEMENTI,3,81,408800,57,10
CLEMENTI,3,60,500000,93,4
CLEMENTI,3,60,520000,93,34
CLEMENTI,3,60,445000,93,4
CLEMENTI,3,68,312888,60,4
CLEMENTI,3,67,330000,57,1
CLEMENTI,3,60,550000,93,31
CLEMENTI,3,67,315000,58,7
CLEMENTI,3,67,300000,59,4
CLEMENTI,3,67,272000,57,1
CLEMENTI,3,67,294000,58,4
CLEMENTI,3,60,515000,93,7
CLEMENTI,3,60,525000,93,22
CLEMENTI,3,67,290000,57,1
CLEMENTI,3,60,515000,93,10
CLEMENTI,3,67,298000,58,4
CLEMENTI,3,67,325000,59,10
CLEMENTI,3,67,280000,58,1
CLEMENTI,3,68,260000,62,4
CLEMENTI,3,67,273000,64,7
CLEMENTI,3,67,255000,59,4
CLEMENTI,3,67,250000,59,1
CLEMENTI,3,67,260000,59,4
CLEMENTI,3,68,280000,60,10
CLEMENTI,3,67,260000,64,7
CLEMENTI,3,84,290000,64,1
CLEMENTI,3,67,279800,57,7
CLEMENTI,3,67,250000,57,4
CLEMENTI,3,67,260000,59,10
CLEMENTI,4,90,365000,56,7
CLEMENTI,4,92,482000,56,10
CLEMENTI,4,90,610888,81,7
CLEMENTI,4,92,365000,57,1
CLEMENTI,4,92,468800,57,13
CLEMENTI,4,92,369000,57,7
CLEMENTI,4,80,745000,93,25
CLEMENTI,4,81,773000,93,25
CLEMENTI,4,80,760000,93,34
CLEMENTI,4,82,735000,93,19
CLEMENTI,4,92,430000,58,7
CLEMENTI,4,80,790000,93,31
CLEMENTI,4,80,710000,93,10
CLEMENTI,4,80,720000,93,10
CLEMENTI,4,92,435000,57,1
CLEMENTI,4,104,400000,62,10
CLEMENTI,4,92,345000,58,1
CLEMENTI,4,91,390000,59,4
CLEMENTI,4,92,400000,59,7
CLEMENTI,4,91,420000,58,10
CLEMENTI,4,91,406000,60,4
CLEMENTI,4,91,416000,56,10
CLEMENTI,5,117,845000,92,13
CLEMENTI,5,116,1040000,91,37
CLEMENTI,5,112,957888,97,31
CLEMENTI,5,110,770000,81,13
CLEMENTI,5,105,910000,93,16
CLEMENTI,5,105,890000,93,7
CLEMENTI,5,105,840000,93,4
CLEMENTI,5,121,510000,58,4
CLEMENTI,5,121,480000,58,1
CLEMENTI,5,142,785500,63,4
CLEMENTI,5,121,760000,63,10
CLEMENTI,5,118,585000,59,1
CLEMENTI,6,148,728000,63,4
CLEMENTI,6,146,720000,63,4
CLEMENTI,3,67,293000,57,1
CLEMENTI,3,67,308000,56,4
CLEMENTI,3,67,310000,57,1
CLEMENTI,3,81,375000,56,4
CLEMENTI,3,81,380000,56,4
CLEMENTI,3,67,270000,57,1
CLEMENTI,3,68,340000,58,1
CLEMENTI,3,68,350000,58,1
CLEMENTI,3,67,325000,57,1
CLEMENTI,3,60,538000,93,25
CLEMENTI,3,67,288000,57,4
CLEMENTI,3,67,305000,57,4
CLEMENTI,3,67,295000,57,4
CLEMENTI,3,60,510000,93,10
CLEMENTI,3,67,358000,57,4
CLEMENTI,3,60,518000,93,7
CLEMENTI,3,67,270000,57,1
CLEMENTI,3,67,272500,58,4
CLEMENTI,3,74,260000,62,1
CLEMENTI,3,74,271000,62,4
CLEMENTI,3,68,271000,62,10
CLEMENTI,3,68,255000,59,1
CLEMENTI,3,68,268000,58,4
CLEMENTI,3,67,250000,57,7
CLEMENTI,3,67,280000,57,7
CLEMENTI,3,67,270000,56,1
CLEMENTI,3,67,266000,57,7
CLEMENTI,3,67,260000,57,1
CLEMENTI,3,67,250000,57,4
CLEMENTI,3,67,293000,59,7
CLEMENTI,3,67,275000,59,10
CLEMENTI,4,97,400000,56,1
CLEMENTI,5,105,915000,93,22
CLEMENTI,4,97,410000,56,4
CLEMENTI,4,100,745000,92,22
CLEMENTI,4,100,748000,92,28
CLEMENTI,4,91,708000,92,7
CLEMENTI,4,96,750000,92,19
CLEMENTI,4,92,370000,57,1
CLEMENTI,4,98,500000,65,10
CLEMENTI,4,80,715000,93,7
CLEMENTI,4,80,735000,93,19
CLEMENTI,4,80,778000,93,40
CLEMENTI,4,80,723000,93,16
CLEMENTI,4,81,780000,93,31
CLEMENTI,4,80,773000,93,28
CLEMENTI,4,82,756000,93,19
CLEMENTI,4,98,460000,58,10
CLEMENTI,4,91,440488,63,10
CLEMENTI,4,91,405000,60,7
CLEMENTI,4,83,331000,56,10
CLEMENTI,5,137,610000,57,4
CLEMENTI,5,113,880000,92,22
CLEMENTI,5,119,625000,57,10
CLEMENTI,5,119,610000,58,19
CLEMENTI,5,153,658000,60,7
CLEMENTI,6,154,740000,63,7
CLEMENTI,6,150,780888,63,4
CLEMENTI,6,150,750000,63,4
CLEMENTI,6,147,760000,63,4
