town,flat_type,floor_area_sqm,resale_price,remaining_lease,storey_range
GEYLANG,3,59,263000,49,1
GEYLANG,2,42,205000,53,7
GEYLANG,2,42,215000,53,10
GEYLANG,2,46,220000,55,10
GEYLANG,3,60,230000,49,1
GEYLANG,3,60,235000,49,4
GEYLANG,3,56,238000,51,1
GEYLANG,3,61,255000,51,1
GEYLANG,3,64,256000,50,4
GEYLANG,3,59,260000,54,4
GEYLANG,3,60,262000,49,1
GEYLANG,3,55,269000,51,1
GEYLANG,3,57,272000,55,7
GEYLANG,3,59,275000,59,4
GEYLANG,3,61,280000,51,4
GEYLANG,3,64,320000,82,4
GEYLANG,3,65,328000,58,4
GEYLANG,3,56,330000,51,7
GEYLANG,3,72,338000,53,13
GEYLANG,3,65,368000,58,10
GEYLANG,3,74,390000,65,10
GEYLANG,3,60,459888,89,16
GEYLANG,4,84,355000,67,1
GEYLANG,4,109,420000,72,1
GEYLANG,4,91,455000,67,10
GEYLANG,4,104,485000,72,7
GEYLANG,4,110,512500,78,4
GEYLANG,4,91,515000,64,10
GEYLANG,4,92,566000,58,10
GEYLANG,5,123,680000,68,1
GEYLANG,5,142,770000,66,10
GEYLANG,5,120,830000,80,10
GEYLANG,2,45,212000,51,1
GEYLANG,2,42,215000,53,7
GEYLANG,3,56,235000,50,1
GEYLANG,3,58,240000,54,4
GEYLANG,3,52,265000,52,10
GEYLANG,3,56,268000,50,7
GEYLANG,3,56,275000,48,7
GEYLANG,3,65,285000,59,10
GEYLANG,3,67,290000,60,4
GEYLANG,3,64,290000,67,1
GEYLANG,3,64,298000,82,4
GEYLANG,3,63,310000,82,1
GEYLANG,3,64,315000,82,1
GEYLANG,3,67,321000,60,1
GEYLANG,3,76,333888,59,4
GEYLANG,3,59,398000,68,10
GEYLANG,3,82,400000,59,4
GEYLANG,3,79,436000,67,16
GEYLANG,3,60,438000,88,4
GEYLANG,3,68,450000,63,13
GEYLANG,3,74,460000,67,13
GEYLANG,4,84,355000,67,1
GEYLANG,4,84,375000,67,10
GEYLANG,4,91,398000,62,4
GEYLANG,4,93,400000,62,7
GEYLANG,4,92,480000,58,7
GEYLANG,4,107,550000,66,10
GEYLANG,4,96,635000,82,7
GEYLANG,4,95,650800,82,4
GEYLANG,6,146,660000,68,10
GEYLANG,6,152,680000,67,1
GEYLANG,3,60,230000,51,1
GEYLANG,3,56,235000,50,7
GEYLANG,3,60.3,238000,48,1
GEYLANG,3,56,238000,50,4
GEYLANG,3,52,242000,52,10
GEYLANG,3,56,245000,50,4
GEYLANG,3,56,245000,50,4
GEYLANG,3,60,250000,50,1
GEYLANG,3,60,252000,50,4
GEYLANG,3,60,260000,52,1
GEYLANG,3,61,260000,50,1
GEYLANG,3,59,263000,59,1
GEYLANG,3,56,276000,48,7
GEYLANG,3,65,300000,59,7
GEYLANG,3,63,305000,82,1
GEYLANG,3,56,316000,50,4
GEYLANG,3,56,320000,50,4
GEYLANG,3,68,350888,63,10
GEYLANG,3,74,375000,65,4
GEYLANG,3,68,400000,63,4
GEYLANG,3,60,405000,88,1
GEYLANG,4,90,382000,68,10
GEYLANG,4,84,395000,68,10
GEYLANG,4,84,400000,67,10
GEYLANG,4,104,425000,70,4
GEYLANG,4,108,438000,71,1
GEYLANG,4,91,485000,63,1
GEYLANG,4,92,518000,63,1
GEYLANG,4,94,518000,63,7
GEYLANG,4,93,540000,63,10
GEYLANG,4,90,628000,88,16
GEYLANG,4,93,635000,93,7
GEYLANG,4,85,640000,88,7
GEYLANG,4,93,645000,93,10
GEYLANG,4,95,650000,82,1
GEYLANG,4,93,695000,87,10
GEYLANG,4,93,699999,87,10
GEYLANG,4,95,705000,82,7
GEYLANG,5,122,442000,70,4
GEYLANG,5,121,590000,65,4
GEYLANG,5,117,590000,58,7
GEYLANG,5,121,680000,79,16
GEYLANG,5,118,755000,63,19
GEYLANG,2,45,213000,48,1
GEYLANG,2,50,235000,50,10
GEYLANG,3,52,245000,52,7
GEYLANG,3,55,250000,48,1
GEYLANG,3,60,252000,52,1
GEYLANG,3,59,256388,59,1
GEYLANG,3,57,258000,52,7
GEYLANG,3,59,260000,59,4
GEYLANG,3,65,280000,57,4
GEYLANG,3,65,280000,59,4
GEYLANG,3,70,283000,59,10
GEYLANG,3,59,285000,59,7
GEYLANG,3,64,297000,67,1
GEYLANG,3,65,325000,62,4
GEYLANG,3,64,325000,82,4
GEYLANG,3,64,327000,67,7
GEYLANG,3,59,328000,58,7
GEYLANG,3,66,350000,62,7
GEYLANG,4,83,340000,82,1
GEYLANG,4,84,365000,67,7
GEYLANG,4,104,390000,70,1
GEYLANG,4,91,465000,67,7
GEYLANG,4,107,530000,66,1
GEYLANG,4,92,565000,58,7
GEYLANG,4,93,575000,93,4
GEYLANG,4,93,608000,93,7
GEYLANG,4,95,650000,82,1
GEYLANG,4,102,670000,80,4
GEYLANG,4,95,675000,93,16
GEYLANG,4,102,680000,80,13
GEYLANG,5,122,478000,67,4
GEYLANG,5,122,565000,72,10
GEYLANG,5,121,596000,62,1
GEYLANG,5,121,608000,62,7
GEYLANG,5,137,610000,65,1
GEYLANG,5,114,635000,58,19
GEYLANG,6,146,700000,69,1
GEYLANG,6,144,825000,69,16
GEYLANG,2,40,210000,52,10
GEYLANG,2,45,243000,67,10
GEYLANG,3,58,233000,54,4
GEYLANG,3,60.3,236000,48,4
GEYLANG,3,56,240000,50,1
GEYLANG,3,56,245000,50,4
GEYLANG,3,56,245000,50,7
GEYLANG,3,59,245000,59,1
GEYLANG,3,56,250000,50,1
GEYLANG,3,56,250000,50,7
GEYLANG,3,64,256000,50,4
GEYLANG,3,56,258000,50,7
GEYLANG,3,56,260000,50,10
GEYLANG,3,67,260000,54,4
GEYLANG,3,60,263000,52,10
GEYLANG,3,61,268000,50,1
GEYLANG,3,59,270000,48,10
GEYLANG,3,61,270000,50,4
GEYLANG,3,56,280000,50,4
GEYLANG,3,59,288000,59,7
GEYLANG,3,59,290000,58,1
GEYLANG,3,66,290000,62,7
GEYLANG,3,65,295000,57,7
GEYLANG,3,65,302000,59,4
GEYLANG,3,64,302000,67,4
GEYLANG,3,67,310000,48,7
GEYLANG,3,68,330000,62,4
GEYLANG,3,66,345000,62,13
GEYLANG,3,60,348000,67,7
GEYLANG,3,68,398000,67,13
GEYLANG,3,68,416000,63,10
GEYLANG,3,82,473888,63,4
GEYLANG,4,83,348000,82,1
GEYLANG,4,89,354000,67,1
GEYLANG,4,93,385000,62,4
GEYLANG,4,94,423000,66,1
GEYLANG,4,91,440000,59,1
GEYLANG,4,112,490000,50,7
GEYLANG,4,91,500000,59,13
GEYLANG,4,102,560000,66,13
GEYLANG,4,95,648000,93,7
GEYLANG,4,93,728000,87,10
GEYLANG,5,122,450000,70,4
GEYLANG,5,122,477000,67,4
GEYLANG,5,123,500000,59,7
GEYLANG,5,124,528000,72,1
GEYLANG,5,118,600000,62,19
GEYLANG,5,132,705000,65,7
GEYLANG,5,120,750000,64,13
GEYLANG,5,120,790000,79,1
GEYLANG,5,110,850000,82,7
GEYLANG,5,140,965000,65,13
GEYLANG,6,146,730000,68,13
GEYLANG,3,59,310000,64,10
GEYLANG,2,50,200000,50,10
GEYLANG,2,47,210000,52,1
GEYLANG,2,42,215000,50,7
GEYLANG,3,58,210000,54,4
GEYLANG,3,58,225000,54,1
GEYLANG,3,56,230000,50,4
GEYLANG,3,60,238000,48,10
GEYLANG,3,59,238000,48,4
GEYLANG,3,56,245000,50,7
GEYLANG,3,57,250000,52,1
GEYLANG,3,52,250888,52,7
GEYLANG,3,56,253888,50,4
GEYLANG,3,60.3,255000,48,1
GEYLANG,3,61,258000,50,4
GEYLANG,3,60,260000,48,7
GEYLANG,3,59,262000,48,7
GEYLANG,3,56,265000,48,7
GEYLANG,3,56,265000,48,4
GEYLANG,3,65,290000,58,4
GEYLANG,3,64,295000,67,1
GEYLANG,3,65,308000,57,7
GEYLANG,3,65,308000,57,10
GEYLANG,3,67,310000,59,4
GEYLANG,3,65,315000,58,10
GEYLANG,3,60,320000,48,10
GEYLANG,3,65,330000,58,7
GEYLANG,3,59,338888,58,10
GEYLANG,3,68,386000,63,1
GEYLANG,3,60,453000,88,13
GEYLANG,4,89,360000,67,1
GEYLANG,4,84,370000,67,1
GEYLANG,4,104,370000,68,1
GEYLANG,4,83,390000,81,1
GEYLANG,4,91,400000,62,7
GEYLANG,4,91,418000,62,10
GEYLANG,4,105,440000,67,10
GEYLANG,4,98,450000,58,13
GEYLANG,4,91,465000,66,4
GEYLANG,4,84,500000,68,4
GEYLANG,4,91,502000,60,1
GEYLANG,4,92,525000,58,4
GEYLANG,4,90,638000,88,10
GEYLANG,4,85,645000,88,7
GEYLANG,4,86,655000,82,13
GEYLANG,4,93,680000,93,16
GEYLANG,5,122,453000,67,4
GEYLANG,5,122,475000,70,7
GEYLANG,5,122,513000,67,4
GEYLANG,5,123,528000,58,10
GEYLANG,5,117,625000,58,10
GEYLANG,5,132,788000,65,13
GEYLANG,5,110,800000,88,16
GEYLANG,5,111,828888,82,4
GEYLANG,5,110,853000,82,16
GEYLANG,5,110,855000,82,10
GEYLANG,5,111,880000,82,19
GEYLANG,2,45,218000,48,4
GEYLANG,2,45,220000,52,4
GEYLANG,2,45,220000,48,4
GEYLANG,3,60.3,200000,48,4
GEYLANG,2,42,210000,52,4
GEYLANG,2,50,210000,50,1
GEYLANG,3,52,210000,52,4
GEYLANG,3,65,218000,48,4
GEYLANG,3,58,223000,54,1
GEYLANG,3,60,225000,51,7
GEYLANG,3,60,235000,51,4
GEYLANG,3,58,235000,54,4
GEYLANG,3,60.3,243000,48,10
GEYLANG,3,56,245000,50,7
GEYLANG,3,59,245000,48,7
GEYLANG,3,60,260000,51,4
GEYLANG,3,65,265000,57,1
GEYLANG,3,59,268000,54,13
GEYLANG,3,63.1,275000,52,13
GEYLANG,3,56,280000,48,10
GEYLANG,3,66,280000,63,4
GEYLANG,3,65,284000,57,10
GEYLANG,3,65,285000,58,4
GEYLANG,3,59,310000,64,10
GEYLANG,3,60,330000,67,7
GEYLANG,3,65,330000,58,4
GEYLANG,3,64,330000,81,4
GEYLANG,3,56,335000,50,7
GEYLANG,3,74,388000,65,10
GEYLANG,3,74,390000,65,4
GEYLANG,3,60,468000,88,10
GEYLANG,3,60,468000,88,10
GEYLANG,4,89,345000,67,1
GEYLANG,4,84,400000,67,7
GEYLANG,4,91,450000,60,4
GEYLANG,4,102,550000,79,1
GEYLANG,4,90,578000,88,4
GEYLANG,4,108,600000,65,7
GEYLANG,4,95,628000,93,13
GEYLANG,4,95,650000,93,10
GEYLANG,4,95,655000,93,13
GEYLANG,4,93,758000,86,19
GEYLANG,5,117,600000,58,13
GEYLANG,5,127,632000,79,4
GEYLANG,5,120,670000,77,19
GEYLANG,5,120,900000,79,19
GEYLANG,6,142,770000,67,10
GEYLANG,6,146,838000,68,16
GEYLANG,2,46,218000,54,7
GEYLANG,2,50,225000,49,10
GEYLANG,3,61,215000,50,4
GEYLANG,3,56,221888,50,7
GEYLANG,3,60,232000,48,10
GEYLANG,3,58,235000,54,7
GEYLANG,3,57,235000,54,1
GEYLANG,3,58,235000,54,4
GEYLANG,3,52,235000,52,7
GEYLANG,3,56,243000,48,10
GEYLANG,3,55,248000,50,1
GEYLANG,3,60,250000,48,4
GEYLANG,3,59,250000,48,7
GEYLANG,3,59,250000,48,10
GEYLANG,3,59,255000,58,4
GEYLANG,3,60,260000,50,4
GEYLANG,3,60,268000,48,1
GEYLANG,3,60,270000,52,7
GEYLANG,3,61,270000,52,7
GEYLANG,3,59,270000,58,7
GEYLANG,3,59,280000,58,1
GEYLANG,3,65,290000,57,10
GEYLANG,3,66,293388,62,13
GEYLANG,3,63,295000,81,4
GEYLANG,3,67,300000,65,1
GEYLANG,3,64,300000,81,1
GEYLANG,3,67,330000,60,4
GEYLANG,3,67,370000,60,10
GEYLANG,3,68,420000,62,10
GEYLANG,3,81,428000,63,4
GEYLANG,3,60,435000,88,1
GEYLANG,3,82,443000,62,4
GEYLANG,3,82,502000,62,10
GEYLANG,4,83.1,325000,52,7
GEYLANG,4,89,325000,67,1
GEYLANG,4,84,332000,67,7
GEYLANG,4,90,370000,67,4
GEYLANG,4,84,370000,67,1
GEYLANG,4,84,378000,67,7
GEYLANG,4,88,380000,57,7
GEYLANG,4,84,390000,66,10
GEYLANG,4,104,441000,67,7
GEYLANG,4,91,460000,60,1
GEYLANG,4,104,468000,67,7
GEYLANG,4,94,480000,66,13
GEYLANG,4,92,485000,57,4
GEYLANG,4,91,488000,66,16
GEYLANG,4,99,512888,60,4
GEYLANG,4,104,580000,65,1
GEYLANG,4,95,635000,93,10
GEYLANG,4,95,660000,93,7
GEYLANG,4,104,468000,67,7
GEYLANG,5,122,512000,67,1
GEYLANG,5,121,575000,65,13
GEYLANG,5,121,622000,60,7
GEYLANG,5,118,740000,57,13
GEYLANG,5,123,752000,63,16
GEYLANG,5,113,777000,82,1
GEYLANG,5,113,780000,81,1
GEYLANG,5,139,970000,66,4
GEYLANG,6,146,655000,67,10
GEYLANG,6,146,780000,68,7
GEYLANG,6,149,850000,67,10
GEYLANG,3,52,210000,52,10
GEYLANG,3,57,218000,54,1
GEYLANG,3,58,218888,54,1
GEYLANG,3,60.3,220000,48,4
GEYLANG,3,58,225000,54,7
GEYLANG,3,64,240888,49,7
GEYLANG,3,60,245000,48,4
GEYLANG,3,59,248000,48,4
GEYLANG,3,60,265000,50,4
GEYLANG,3,59,265000,58,7
GEYLANG,3,59,270000,58,7
GEYLANG,3,67,285000,59,10
GEYLANG,3,59,285000,58,4
GEYLANG,3,59,315000,64,1
GEYLANG,3,66,320000,62,10
GEYLANG,3,60,322000,67,7
GEYLANG,3,69,368000,67,4
GEYLANG,3,74,385000,66,1
GEYLANG,3,81,416000,61,4
GEYLANG,4,84,323000,67,1
GEYLANG,4,84,370000,66,7
GEYLANG,4,88,388000,56,4
GEYLANG,4,84,400000,67,10
GEYLANG,4,91,445000,66,4
GEYLANG,4,104,453000,66,10
GEYLANG,4,92,558000,57,10
GEYLANG,4,102,565000,79,1
GEYLANG,4,104,580000,64,7
GEYLANG,4,107,590000,66,10
GEYLANG,4,95,595000,93,4
GEYLANG,4,95,668000,93,10
GEYLANG,4,93,680000,93,16
GEYLANG,5,121,520000,65,1
GEYLANG,5,117,535000,58,1
GEYLANG,5,117,558000,58,13
GEYLANG,5,121,590000,60,4
GEYLANG,5,127,665000,78,19
GEYLANG,5,110,795000,86,1
GEYLANG,5,110,845000,81,10
GEYLANG,6,146,750000,68,4
GEYLANG,3,63.1,226000,52,4
GEYLANG,3,60,230000,48,7
GEYLANG,3,56,245000,50,7
GEYLANG,3,58,248000,54,16
GEYLANG,3,60,248000,48,7
GEYLANG,3,57,255000,52,4
GEYLANG,3,64,258000,49,4
GEYLANG,3,59,264000,58,4
GEYLANG,3,64,271000,49,4
GEYLANG,3,66,275000,62,1
GEYLANG,3,64,282000,81,1
GEYLANG,3,66,298000,62,10
GEYLANG,3,68,315000,62,1
GEYLANG,3,76,318000,56,4
GEYLANG,3,56,318888,50,4
GEYLANG,3,65,358000,57,7
GEYLANG,3,68,377000,63,4
GEYLANG,3,68,421888,62,10
GEYLANG,4,84,373000,66,10
GEYLANG,4,91,375000,61,7
GEYLANG,4,91,378000,61,1
GEYLANG,4,84,383000,66,4
GEYLANG,4,89,386000,66,4
GEYLANG,4,104,428000,66,4
GEYLANG,4,94,430000,61,7
GEYLANG,4,104,440000,67,10
GEYLANG,4,92,468000,58,10
GEYLANG,4,94,470000,66,13
GEYLANG,4,92,470000,59,4
GEYLANG,4,92,505000,57,7
GEYLANG,4,102,557000,79,1
GEYLANG,4,108,585000,65,7
GEYLANG,4,112,610000,65,7
GEYLANG,4,95,628000,93,7
GEYLANG,4,85,668000,86,16
GEYLANG,4,93,668000,93,13
GEYLANG,4,102,710000,79,16
GEYLANG,4,93,735000,86,13
GEYLANG,4,104,760000,66,4
GEYLANG,4,92,468000,58,10
GEYLANG,4,94,470000,66,13
GEYLANG,4,92,470000,59,4
GEYLANG,5,122,580000,73,1
GEYLANG,5,118,590000,61,4
GEYLANG,5,117,600000,58,13
GEYLANG,5,118,725000,57,16
GEYLANG,5,110,830000,86,4
GEYLANG,6,146,580000,67,10
GEYLANG,6,146,748888,68,4
GEYLANG,2,50,193000,49,1
GEYLANG,2,42,218000,50,7
GEYLANG,2,45,242000,67,7
GEYLANG,3,59,220000,50,1
GEYLANG,3,58,222000,53,4
GEYLANG,3,56,226000,50,1
GEYLANG,3,56,230000,50,4
GEYLANG,3,60,233000,48,4
GEYLANG,3,56,240000,48,1
GEYLANG,3,58,246000,53,4
GEYLANG,3,58,248000,53,4
GEYLANG,3,60,265000,48,7
GEYLANG,3,59,270000,58,7
GEYLANG,3,76,285000,58,10
GEYLANG,3,64,292000,81,1
GEYLANG,3,59,295000,58,10
GEYLANG,3,62,300000,50,1
GEYLANG,3,63,300000,81,1
GEYLANG,3,67,300888,59,7
GEYLANG,3,67,303000,59,7
GEYLANG,3,67,310000,59,4
GEYLANG,3,68,333000,62,1
GEYLANG,3,64,338000,66,4
GEYLANG,3,67,345000,61,7
GEYLANG,3,65,345000,57,4
GEYLANG,3,74,395000,65,7
GEYLANG,4,84,335000,66,1
GEYLANG,4,84,338000,67,7
GEYLANG,4,84,363000,67,7
GEYLANG,4,84,377000,66,4
GEYLANG,4,84,380000,66,4
GEYLANG,4,104,402000,67,1
GEYLANG,4,104,415000,66,1
GEYLANG,4,91,418000,61,7
GEYLANG,4,104,447000,66,7
GEYLANG,4,92,458000,57,4
GEYLANG,4,91,468000,66,13
GEYLANG,4,91,510000,59,13
GEYLANG,4,101,568000,78,16
GEYLANG,4,90,605000,88,4
GEYLANG,4,95,640000,93,4
GEYLANG,4,93,640000,93,10
GEYLANG,4,95,645000,93,10
GEYLANG,4,102,708000,79,19
GEYLANG,4,95,718000,93,19
GEYLANG,4,95,720000,93,19
GEYLANG,4,93,728000,86,10
GEYLANG,4,93,750000,86,10
GEYLANG,4,101,751000,79,16
GEYLANG,4,91,468000,66,13
GEYLANG,5,135,590000,74,1
GEYLANG,5,121,610000,61,7
GEYLANG,5,117,620000,58,22
GEYLANG,5,122,623000,79,4
GEYLANG,5,127,643888,77,4
GEYLANG,5,137,670000,77,10
GEYLANG,5,118,715000,57,16
GEYLANG,5,140,763000,65,7
GEYLANG,5,142,765000,65,4
GEYLANG,6,146,650000,66,1
GEYLANG,6,146,832000,68,16
GEYLANG,3,56,233000,50,1
GEYLANG,3,67,305000,59,1
GEYLANG,3,67,320000,59,7
GEYLANG,3,67,285000,59,10
GEYLANG,3,65,270000,56,4
GEYLANG,3,63.1,260000,52,4
GEYLANG,3,59,265000,48,10
GEYLANG,3,60,253888,50,10
GEYLANG,3,52,250000,52,1
GEYLANG,3,56,250000,50,1
GEYLANG,3,61,288388,50,7
GEYLANG,3,56,247000,48,7
GEYLANG,3,57,258000,52,1
GEYLANG,3,59,268000,48,10
GEYLANG,3,59,245000,48,7
GEYLANG,3,63.1,280000,52,13
GEYLANG,3,60,458888,88,16
GEYLANG,3,59,275000,58,4
GEYLANG,3,59,298000,58,10
GEYLANG,3,59,292000,64,4
GEYLANG,3,90,450000,67,7
GEYLANG,3,64,250000,49,1
GEYLANG,3,82,478000,62,4
GEYLANG,3,66,290000,62,1
GEYLANG,3,64,320000,81,4
GEYLANG,4,102,710000,79,13
GEYLANG,4,93,535000,62,7
GEYLANG,4,85,649000,88,4
GEYLANG,4,92,495000,59,13
GEYLANG,4,85,663000,87,10
GEYLANG,4,95,642000,93,13
GEYLANG,4,92,438000,57,7
GEYLANG,4,92,415000,57,1
GEYLANG,4,93,670000,86,1
GEYLANG,4,91,400000,61,1
GEYLANG,4,84,382000,67,4
GEYLANG,4,84,333000,67,7
GEYLANG,5,121,580000,61,1
GEYLANG,5,142,765000,65,10
GEYLANG,5,135,585000,73,1
GEYLANG,5,132,773000,64,19
GEYLANG,5,132,685000,64,4
GEYLANG,5,115,720000,57,19
GEYLANG,5,113,885000,81,4
GEYLANG,5,120,638888,78,4
GEYLANG,5,120,535000,71,1
GEYLANG,5,114,625000,58,22
GEYLANG,6,144,800000,68,13
GEYLANG,6,142,955000,66,7
GEYLANG,6,151,900000,66,13
GEYLANG,6,160,890000,66,13
GEYLANG,6,149,890000,66,10
GEYLANG,2,50,210000,49,1
GEYLANG,3,52,225000,52,10
GEYLANG,3,57,286000,54,4
GEYLANG,3,75,310000,63,7
GEYLANG,3,60,448000,87,4
GEYLANG,4,83,380000,81,1
GEYLANG,4,84,390000,66,10
GEYLANG,4,89,415000,66,1
GEYLANG,4,109,440000,71,4
GEYLANG,4,91,473000,58,13
GEYLANG,4,104,528000,73,1
GEYLANG,4,95,582000,92,1
GEYLANG,4,104,595000,64,10
GEYLANG,4,85,640000,87,10
GEYLANG,4,102,700000,79,13
GEYLANG,4,103,713888,79,16
GEYLANG,4,95,715000,92,16
GEYLANG,5,121,435000,67,10
GEYLANG,5,121,588000,60,4
GEYLANG,5,117,595000,58,10
GEYLANG,5,138,625000,58,7
GEYLANG,5,118,650000,62,4
GEYLANG,5,110,910000,81,16
GEYLANG,6,146,630000,67,4
GEYLANG,6,149,820000,66,4
GEYLANG,3,56,230000,49,7
GEYLANG,3,52,235000,52,1
GEYLANG,3,60,240000,51,4
GEYLANG,3,56,240000,48,7
GEYLANG,3,59,248000,49,1
GEYLANG,3,65,260000,56,4
GEYLANG,3,59,270000,58,4
GEYLANG,3,59,280000,58,1
GEYLANG,3,59,283000,58,4
GEYLANG,3,62,320000,49,1
GEYLANG,3,64,323000,81,1
GEYLANG,3,75,335000,63,7
GEYLANG,3,68,346000,62,10
GEYLANG,4,83,330000,67,7
GEYLANG,4,84,388000,66,10
GEYLANG,4,84,390000,67,7
GEYLANG,4,84,406888,66,7
GEYLANG,4,104,475000,66,10
GEYLANG,4,91,525000,59,7
GEYLANG,4,91,535000,63,10
GEYLANG,4,103,565000,65,4
GEYLANG,4,93,568000,64,7
GEYLANG,4,95,673000,92,10
GEYLANG,4,90,680000,87,13
GEYLANG,4,95,708000,81,10
GEYLANG,5,121,618000,64,13
GEYLANG,5,142,780000,65,1
GEYLANG,5,120,830000,78,4
GEYLANG,6,146,775000,68,4
GEYLANG,2,45,220000,66,4
GEYLANG,3,58,205000,53,7
GEYLANG,3,56,228000,49,7
GEYLANG,3,60.3,240000,48,7
GEYLANG,3,66,250000,62,4
GEYLANG,3,52,265888,51,1
GEYLANG,3,70,290000,58,1
GEYLANG,3,60,305000,49,7
GEYLANG,3,56,315000,49,7
GEYLANG,3,64,315000,81,1
GEYLANG,3,60,318000,66,10
GEYLANG,3,82,330000,58,4
GEYLANG,3,68,335000,62,4
GEYLANG,3,65,335000,57,10
GEYLANG,3,68,348000,62,10
GEYLANG,3,68,350000,66,4
GEYLANG,3,68,350000,62,4
GEYLANG,4,84,360000,66,7
GEYLANG,4,92,450000,57,7
GEYLANG,4,92,463000,57,1
GEYLANG,4,92,472000,57,7
GEYLANG,4,95,515000,81,1
GEYLANG,4,104,539000,73,4
GEYLANG,4,92,565000,57,10
GEYLANG,4,93,638000,92,4
GEYLANG,4,95,640000,92,7
GEYLANG,4,90,658888,87,10
GEYLANG,4,85,663000,87,4
GEYLANG,4,93,688000,86,4
GEYLANG,4,93,690000,92,13
GEYLANG,4,93,720000,92,16
GEYLANG,5,122,520000,66,7
GEYLANG,5,117,550000,58,1
GEYLANG,5,117,570000,58,16
GEYLANG,5,121,620000,64,16
GEYLANG,5,115,670000,57,7
GEYLANG,5,113,848000,81,4
GEYLANG,5,113,890000,81,4
GEYLANG,5,140,970000,64,4
GEYLANG,6,152,688000,66,1
GEYLANG,6,151,900000,66,4
GEYLANG,2,42,180000,49,4
GEYLANG,2,45,215000,47,1
GEYLANG,2,50,228000,49,7
GEYLANG,3,56,220000,49,1
GEYLANG,3,60,240000,47,7
GEYLANG,3,60,245000,49,4
GEYLANG,3,59,255000,47,7
GEYLANG,3,59,265000,58,7
GEYLANG,3,66,270000,62,10
GEYLANG,3,65,273000,56,7
GEYLANG,3,66,290000,61,1
GEYLANG,3,56,308000,49,4
GEYLANG,3,68,308000,61,4
GEYLANG,3,67,310000,58,4
GEYLANG,3,69,310000,66,7
GEYLANG,3,64,312000,66,1
GEYLANG,3,67,318000,61,4
GEYLANG,3,76,328000,56,4
GEYLANG,3,68,423888,62,10
GEYLANG,4,84,380000,66,10
GEYLANG,4,91,390000,61,4
GEYLANG,4,90,410000,66,7
GEYLANG,4,84,410000,66,7
GEYLANG,4,95,445000,81,1
GEYLANG,4,104,448000,66,7
GEYLANG,4,91,450000,59,1
GEYLANG,4,104,450000,69,7
GEYLANG,4,102,480000,78,1
GEYLANG,4,94,520000,62,10
GEYLANG,4,92,522000,57,7
GEYLANG,4,107,542888,77,7
GEYLANG,4,102,545000,65,7
GEYLANG,4,93,685000,92,10
GEYLANG,4,85,700000,87,19
GEYLANG,5,123,486000,58,16
GEYLANG,5,117,500000,58,1
GEYLANG,5,121,598000,61,4
GEYLANG,5,121,620000,61,10
GEYLANG,5,137,650000,64,1
GEYLANG,5,127,652000,78,10
GEYLANG,5,118,690000,57,7
GEYLANG,5,113,890000,81,4
GEYLANG,5,110,915000,81,16
GEYLANG,6,152,698000,67,10
GEYLANG,6,145,752000,68,4
GEYLANG,6,144,808000,68,13
GEYLANG,3,60.3,200000,47,1
GEYLANG,3,55,200000,49,1
GEYLANG,3,60,210000,50,1
GEYLANG,3,55,220000,49,1
GEYLANG,3,60.3,232000,47,4
GEYLANG,3,59,250000,47,4
GEYLANG,3,59,262000,53,4
GEYLANG,3,60,270000,51,7
GEYLANG,3,59,270000,58,10
GEYLANG,3,67,295000,47,10
GEYLANG,3,64,315000,81,4
GEYLANG,3,65,320000,57,7
GEYLANG,3,67,335000,58,10
GEYLANG,3,67,350000,59,7
GEYLANG,3,67,370000,59,7
GEYLANG,4,84,350000,66,4
GEYLANG,4,89,370000,66,1
GEYLANG,4,91,398000,61,10
GEYLANG,4,105,453000,66,10
GEYLANG,4,94,470000,65,10
GEYLANG,4,92,471000,57,7
GEYLANG,4,100,510000,61,4
GEYLANG,4,107,510000,78,1
GEYLANG,4,95,720000,92,19
GEYLANG,4,111,730000,64,13
GEYLANG,5,121,438000,66,4
GEYLANG,5,119,577000,57,7
GEYLANG,5,110,823000,86,16
GEYLANG,5,139,998000,65,7
GEYLANG,6,146,638000,67,4
GEYLANG,6,146,650000,66,1
GEYLANG,6,146,700000,67,10
GEYLANG,6,145,760000,68,10
GEYLANG,3,76,350000,57,7
GEYLANG,2,42,178000,51,4
GEYLANG,2,46,195000,54,1
GEYLANG,2,45,240000,66,10
GEYLANG,3,52,210000,51,7
GEYLANG,3,56,232769,49,1
GEYLANG,3,58,237000,53,7
GEYLANG,3,59,263000,57,4
GEYLANG,3,65,270000,56,4
GEYLANG,3,72,273000,51,16
GEYLANG,3,64,302500,80,1
GEYLANG,3,64,308000,80,4
GEYLANG,3,59,320000,57,10
GEYLANG,3,65,335000,61,13
GEYLANG,3,68,400000,62,13
GEYLANG,3,60,415000,87,1
GEYLANG,3,60,442000,87,7
GEYLANG,3,60,463000,87,16
GEYLANG,3,60,465000,87,16
GEYLANG,3,60,478000,87,13
GEYLANG,3,82,482500,64,10
GEYLANG,4,84,322000,67,4
GEYLANG,4,84,340000,66,1
GEYLANG,4,84,340000,66,7
GEYLANG,4,83,375000,80,4
GEYLANG,4,88,406400,66,4
GEYLANG,4,92,500000,57,10
GEYLANG,4,94,538000,62,4
GEYLANG,4,93,540000,62,4
GEYLANG,4,104,545000,64,1
GEYLANG,4,93,630000,92,4
GEYLANG,4,85,675000,87,13
GEYLANG,4,85,680000,85,10
GEYLANG,4,102,720000,78,10
GEYLANG,5,121,575000,59,1
GEYLANG,5,120,655000,62,7
GEYLANG,5,125,668000,77,13
GEYLANG,5,110,808000,87,16
GEYLANG,5,120,863000,78,10
GEYLANG,5,139,970000,65,4
GEYLANG,6,149,770000,66,1
GEYLANG,2,42,200000,51,4
GEYLANG,2,45,208000,47,10
GEYLANG,3,60,215000,50,10
GEYLANG,3,57,221888,49,1
GEYLANG,3,60,228000,50,1
GEYLANG,3,55,230000,49,1
GEYLANG,3,59,230000,57,4
GEYLANG,3,56,231000,49,10
GEYLANG,3,60.3,240000,47,4
GEYLANG,3,60.3,240000,47,4
GEYLANG,3,57,243000,54,7
GEYLANG,3,60,246000,47,4
GEYLANG,3,56,255000,49,4
GEYLANG,3,59,255000,57,1
GEYLANG,3,67,265000,53,4
GEYLANG,3,66,270000,62,7
GEYLANG,3,56,287000,49,7
GEYLANG,3,70,289000,57,7
GEYLANG,3,59,296800,57,10
GEYLANG,3,65,315000,57,10
GEYLANG,3,65,317000,61,1
GEYLANG,3,67,320000,59,4
GEYLANG,3,64,320000,80,1
GEYLANG,3,65,322000,57,4
GEYLANG,3,60,480000,87,16
GEYLANG,4,90,355000,66,10
GEYLANG,4,84,360000,66,10
GEYLANG,4,84,368800,66,10
GEYLANG,4,88,395000,56,1
GEYLANG,4,91,400000,61,4
GEYLANG,4,104,420000,66,1
GEYLANG,4,104,443000,65,4
GEYLANG,4,92,470000,57,10
GEYLANG,4,91,475000,62,1
GEYLANG,4,104,600000,64,7
GEYLANG,4,93,660000,92,13
GEYLANG,4,90,685000,87,10
GEYLANG,4,85,695000,85,13
GEYLANG,4,85,700000,80,16
GEYLANG,4,102,738000,78,13
GEYLANG,5,110,920000,81,16
GEYLANG,6,145,835000,67,16
GEYLANG,2,45,233000,66,4
GEYLANG,2,45,200000,47,7
GEYLANG,2,42,195000,49,4
GEYLANG,3,60,280000,66,1
GEYLANG,3,68,383000,62,7
GEYLANG,3,60,250000,51,4
GEYLANG,3,61,240000,51,4
GEYLANG,3,66,292000,51,7
GEYLANG,3,61,220000,49,1
GEYLANG,3,56,228000,49,7
GEYLANG,3,60,215000,50,7
GEYLANG,3,58,250000,53,1
GEYLANG,3,59,263000,57,4
GEYLANG,3,60,435000,87,19
GEYLANG,3,65,310000,56,4
GEYLANG,3,76,355000,56,7
GEYLANG,3,64,288000,66,4
GEYLANG,3,64,305000,66,1
GEYLANG,4,107,525000,77,1
GEYLANG,4,112,778000,65,7
GEYLANG,4,85,656000,87,4
GEYLANG,4,112,580000,64,4
GEYLANG,4,91,395000,61,1
GEYLANG,4,95,749000,80,10
GEYLANG,4,105,558000,65,10
GEYLANG,4,91,480000,65,7
GEYLANG,4,104,475000,70,10
GEYLANG,4,90,390000,66,4
GEYLANG,4,84,395000,66,7
GEYLANG,4,84,360000,66,1
GEYLANG,4,84,350000,66,7
GEYLANG,4,83,387000,66,7
GEYLANG,4,84,365000,65,7
GEYLANG,4,84,425000,66,7
GEYLANG,4,84,365000,65,1
GEYLANG,5,121,560000,64,7
GEYLANG,5,127,632800,77,4
GEYLANG,5,137,915000,65,1
GEYLANG,5,117,530000,57,10
GEYLANG,5,110,800000,87,10
GEYLANG,5,118,640000,61,19
GEYLANG,5,113,828000,80,1
GEYLANG,5,122,480000,66,4
GEYLANG,5,122,540000,66,4
GEYLANG,6,147,886000,66,13
GEYLANG,6,151,850000,66,16
GEYLANG,2,45,210000,51,10
GEYLANG,2,47,160000,51,4
GEYLANG,3,67,288000,58,1
GEYLANG,3,67,310000,60,4
GEYLANG,3,60.3,230000,47,10
GEYLANG,3,68,366888,61,4
GEYLANG,3,59,375000,66,10
GEYLANG,3,56,200000,49,7
GEYLANG,3,56,240000,49,10
GEYLANG,3,60,227000,50,4
GEYLANG,3,56,210000,49,4
GEYLANG,3,52,230000,51,10
GEYLANG,3,59,288000,57,10
GEYLANG,3,59,265000,57,4
GEYLANG,3,59,255000,57,1
GEYLANG,3,75,425000,64,1
GEYLANG,3,65,320000,56,10
GEYLANG,3,65,300000,56,1
GEYLANG,3,58,250000,53,7
GEYLANG,3,68,310000,60,4
GEYLANG,3,64,270000,66,1
GEYLANG,3,64,310000,80,4
GEYLANG,4,102,725000,78,7
GEYLANG,4,102,680000,78,13
GEYLANG,4,85,650000,87,4
GEYLANG,4,90,650000,87,7
GEYLANG,4,92,465000,58,10
GEYLANG,4,93,728000,92,19
GEYLANG,4,95,632000,92,4
GEYLANG,4,92,490000,56,7
GEYLANG,4,93,685000,85,4
GEYLANG,4,91,348888,60,1
GEYLANG,4,102,730000,78,7
GEYLANG,4,91,428000,65,1
GEYLANG,4,84,346000,66,7
GEYLANG,4,84,360000,65,4
GEYLANG,4,84,360000,65,1
GEYLANG,4,84,340000,66,4
GEYLANG,4,83,391000,80,4
GEYLANG,5,130,573888,56,1
GEYLANG,5,126,690000,77,13
GEYLANG,5,120,860000,78,7
GEYLANG,5,120,900000,78,13
GEYLANG,5,139,908000,65,1
GEYLANG,5,120,683888,62,16
GEYLANG,5,122,520000,66,7
GEYLANG,5,122,500000,66,7
GEYLANG,3,67,310000,60,4
GEYLANG,3,82,393000,58,1
GEYLANG,3,67,325000,60,7
GEYLANG,3,60.3,230000,47,1
GEYLANG,3,57,224000,53,4
GEYLANG,3,60,238000,47,7
GEYLANG,3,52,210000,51,7
GEYLANG,3,60,225000,47,1
GEYLANG,3,61,310000,49,4
GEYLANG,3,61,265000,51,1
GEYLANG,3,60,260000,49,7
GEYLANG,3,61,255000,49,7
GEYLANG,3,60,220000,50,4
GEYLANG,3,59,279000,57,7
GEYLANG,3,60,467000,87,16
GEYLANG,3,59,280000,57,10
GEYLANG,3,75,380000,64,1
GEYLANG,3,56,285000,49,4
GEYLANG,4,93,548000,61,4
GEYLANG,4,103,645000,78,7
GEYLANG,4,95,716000,92,16
GEYLANG,4,95,718000,92,16
GEYLANG,4,92,465000,56,7
GEYLANG,4,91,355000,60,1
GEYLANG,4,92,400000,60,10
GEYLANG,4,91,470000,65,4
GEYLANG,4,104,458000,66,4
GEYLANG,4,84,358000,65,4
GEYLANG,4,84,340000,66,1
GEYLANG,5,121,530000,64,1
GEYLANG,5,120,680000,78,1
GEYLANG,5,118,645888,60,7
GEYLANG,5,110,890000,80,10
GEYLANG,5,122,535000,69,10
GEYLANG,6,146,840000,67,16
GEYLANG,6,146,708000,66,13
GEYLANG,6,146,585000,66,1
GEYLANG,2,45,200000,47,4
GEYLANG,3,67,340000,58,10
GEYLANG,3,65,250000,55,1
GEYLANG,3,68,313000,65,7
GEYLANG,3,56,240000,49,10
GEYLANG,3,65,290000,57,10
GEYLANG,3,60,415000,87,1
GEYLANG,3,59,266000,57,1
GEYLANG,3,74,360000,64,4
GEYLANG,3,65,340000,56,10
GEYLANG,3,56,310000,49,4
GEYLANG,3,65,305000,57,7
GEYLANG,3,65,315000,57,7
GEYLANG,3,64,330000,80,4
GEYLANG,4,104,718000,65,4
GEYLANG,4,90,670000,87,13
GEYLANG,4,90,675000,87,13
GEYLANG,4,95,675000,92,7
GEYLANG,4,92,483000,56,10
GEYLANG,4,92,480000,56,10
GEYLANG,4,92,451000,56,4
GEYLANG,4,92,408000,60,7
GEYLANG,4,85,719000,80,7
GEYLANG,4,89,400000,65,10
GEYLANG,4,84,365000,66,7
GEYLANG,4,89,350000,66,1
GEYLANG,4,104,430000,65,1
GEYLANG,5,139,980000,65,7
GEYLANG,5,139,930000,65,4
GEYLANG,5,110,800000,87,13
GEYLANG,5,115,650000,56,13
GEYLANG,5,118,600000,60,13
GEYLANG,6,146,820000,67,10
GEYLANG,6,146,645000,66,7
GEYLANG,2,42,190000,51,4
GEYLANG,2,41,210000,51,1
GEYLANG,3,65,285000,55,7
GEYLANG,3,60,255000,47,1
GEYLANG,3,60.3,215000,47,4
GEYLANG,3,57,278000,51,7
GEYLANG,3,66,280000,51,7
GEYLANG,3,56,220000,49,1
GEYLANG,3,56,220888,49,7
GEYLANG,3,66,238000,62,1
GEYLANG,3,59,279000,57,7
GEYLANG,3,70,245000,57,1
GEYLANG,3,59,245000,57,1
GEYLANG,3,80,380000,64,1
GEYLANG,3,65,325000,56,10
GEYLANG,3,90,415000,66,7
GEYLANG,3,90,415000,66,13
GEYLANG,3,65,279000,57,1
GEYLANG,3,65,300000,57,10
GEYLANG,3,64,295000,65,7
GEYLANG,4,92,440000,58,4
GEYLANG,4,102,700000,78,10
GEYLANG,4,91,480000,62,7
GEYLANG,4,95,638100,92,4
GEYLANG,4,95,660000,92,4
GEYLANG,4,93,655000,85,1
GEYLANG,4,86,648000,80,4
GEYLANG,5,125,700000,76,16
GEYLANG,5,110,910000,80,10
GEYLANG,6,152,600000,66,1
GEYLANG,3,66,258000,62,4
GEYLANG,3,56,310000,49,7
GEYLANG,3,57,210000,53,4
GEYLANG,3,59,368000,66,7
GEYLANG,3,59,230000,49,1
GEYLANG,3,61,295000,49,10
GEYLANG,3,56,223000,49,7
GEYLANG,3,58,210000,52,1
GEYLANG,3,56,205000,49,7
GEYLANG,3,56,263000,47,7
GEYLANG,3,60,220000,50,4
GEYLANG,3,66,282500,62,10
GEYLANG,3,59,268000,57,4
GEYLANG,3,59,260000,57,1
GEYLANG,3,60,416000,87,4
GEYLANG,3,79,398000,65,4
GEYLANG,3,65,315000,61,10
GEYLANG,4,91,460000,65,7
GEYLANG,4,93,560000,61,10
GEYLANG,4,83.1,310000,51,7
GEYLANG,4,85,640000,86,7
GEYLANG,4,91,418000,58,4
GEYLANG,4,85,672000,86,13
GEYLANG,4,95,730800,92,16
GEYLANG,4,93,680000,85,4
GEYLANG,4,96,570000,61,4
GEYLANG,4,101,575000,77,16
GEYLANG,4,84,370000,65,7
GEYLANG,4,84,345000,65,1
GEYLANG,5,121,572000,63,10
GEYLANG,5,125,710000,76,16
GEYLANG,5,118,475000,57,1
GEYLANG,5,113,775000,80,1
GEYLANG,6,144,780000,67,4
GEYLANG,6,146,720000,66,7
GEYLANG,2,42,185000,49,7
GEYLANG,3,67,280000,57,10
GEYLANG,3,65,290000,55,7
GEYLANG,3,60.3,230000,47,1
GEYLANG,3,61,270000,50,7
GEYLANG,3,56,222888,48,7
GEYLANG,3,74,368000,64,4
GEYLANG,3,59,283000,57,10
GEYLANG,3,60,418888,86,4
GEYLANG,3,74,370000,64,1
GEYLANG,4,90,685000,86,13
GEYLANG,4,85,650000,85,4
GEYLANG,4,101,557000,77,7
GEYLANG,4,94,460000,65,4
GEYLANG,4,102,550000,77,10
GEYLANG,4,90,395000,65,10
GEYLANG,4,84,360888,65,4
GEYLANG,5,126,688000,62,13
GEYLANG,5,110,920000,80,7
GEYLANG,6,154,695000,65,1
GEYLANG,6,149,808000,65,13
GEYLANG,6,146,695000,66,10
GEYLANG,4,102,538000,77,7
GEYLANG,2,46,200000,53,1
GEYLANG,2,46,210000,53,1
GEYLANG,2,45,195000,46,1
GEYLANG,2,42,200000,48,4
GEYLANG,3,68,340000,61,7
GEYLANG,3,60.3,218000,46,7
GEYLANG,3,52,228000,50,1
GEYLANG,3,56,220000,48,7
GEYLANG,3,58,228000,50,1
GEYLANG,3,55,230000,48,1
GEYLANG,3,56,205000,48,10
GEYLANG,3,58,250000,52,13
GEYLANG,3,57,245000,50,1
GEYLANG,3,56,195000,48,1
GEYLANG,3,56,218000,48,7
GEYLANG,3,75,250000,61,4
GEYLANG,3,60,440000,86,13
GEYLANG,3,60,462000,86,7
GEYLANG,3,80,395000,64,1
GEYLANG,3,90,390000,64,1
GEYLANG,3,68,405000,61,1
GEYLANG,3,64,305000,65,7
GEYLANG,4,93,518000,61,10
GEYLANG,4,85,695000,86,7
GEYLANG,4,92,412000,58,4
GEYLANG,4,91,505000,62,10
GEYLANG,4,92,500000,62,7
GEYLANG,4,92,473000,62,1
GEYLANG,4,92,460000,56,13
GEYLANG,4,91,364000,60,7
GEYLANG,4,96,570000,61,7
GEYLANG,4,85,668000,80,7
GEYLANG,4,84,315000,66,1
GEYLANG,4,84,370000,66,10
GEYLANG,4,84,380000,65,7
GEYLANG,5,120,842000,78,7
GEYLANG,5,127,725000,76,16
GEYLANG,5,111,800000,85,7
GEYLANG,5,110,838000,85,13
GEYLANG,5,122,471000,68,1
GEYLANG,5,122,460000,68,1
GEYLANG,6,146,637000,66,4
GEYLANG,3,60,235000,48,1
GEYLANG,3,56,220000,48,10
GEYLANG,3,60,235000,46,1
GEYLANG,2,42,180000,48,7
GEYLANG,3,67,296800,57,10
GEYLANG,3,67,280000,57,10
GEYLANG,3,67,302000,58,7
GEYLANG,3,82,368000,57,4
GEYLANG,3,67,307000,57,7
GEYLANG,3,60.3,240000,46,7
GEYLANG,3,60,235000,46,4
GEYLANG,3,60,230000,46,1
GEYLANG,3,60,230000,46,4
GEYLANG,3,60,225000,46,4
GEYLANG,3,55,208000,48,1
GEYLANG,3,65,276000,57,4
GEYLANG,3,60,416000,86,4
GEYLANG,3,70,318000,57,10
GEYLANG,3,59,270000,57,10
GEYLANG,3,68,365000,61,4
GEYLANG,3,70,320000,56,4
GEYLANG,3,74,385000,65,10
GEYLANG,3,56,292000,48,10
GEYLANG,3,64,272000,65,4
GEYLANG,4,93,485000,61,7
GEYLANG,4,92,448000,65,7
GEYLANG,4,102,708000,78,16
GEYLANG,4,102,660000,64,1
GEYLANG,4,90,705000,86,16
GEYLANG,4,89,430000,57,7
GEYLANG,4,107,535000,64,7
GEYLANG,4,112,575000,63,10
GEYLANG,4,91,480000,62,4
GEYLANG,4,93,675000,91,7
GEYLANG,4,93,675000,84,1
GEYLANG,4,91,375000,60,4
GEYLANG,4,95,765000,80,10
GEYLANG,4,86,728000,80,16
GEYLANG,4,89,373000,66,1
GEYLANG,4,84,357000,65,1
GEYLANG,4,84,337000,65,4
GEYLANG,4,84,347500,65,7
GEYLANG,5,121,600000,58,10
GEYLANG,5,126,615000,77,4
GEYLANG,5,117,512000,57,13
GEYLANG,5,150,728000,56,1
GEYLANG,5,120,648000,77,7
GEYLANG,6,153,728000,66,7
GEYLANG,2,42,175000,48,7
GEYLANG,3,76,320000,55,4
GEYLANG,3,60.3,240000,46,10
GEYLANG,3,57,240000,53,1
GEYLANG,3,60.3,215000,46,10
GEYLANG,3,60,212000,46,7
GEYLANG,3,56,210000,48,7
GEYLANG,3,56,250000,46,4
GEYLANG,3,56,242000,48,7
GEYLANG,3,52,205000,50,1
GEYLANG,3,56,217000,48,4
GEYLANG,3,56,188000,48,4
GEYLANG,3,56,230000,48,7
GEYLANG,3,60,447000,86,10
GEYLANG,3,65,250000,57,4
GEYLANG,3,59,268000,57,7
GEYLANG,3,59,295000,56,1
GEYLANG,3,59,310000,62,10
GEYLANG,3,65,320000,56,7
GEYLANG,3,59,313000,62,7
GEYLANG,3,68,357000,62,13
GEYLANG,3,59,328000,56,10
GEYLANG,3,56,288000,48,7
GEYLANG,3,68,400000,61,4
GEYLANG,3,65,295000,57,10
GEYLANG,3,65,287000,56,1
GEYLANG,3,65,318000,60,13
GEYLANG,3,64,310000,80,4
GEYLANG,3,64,297000,65,1
GEYLANG,4,93,540000,61,10
GEYLANG,4,101,710000,77,4
GEYLANG,4,92,460000,58,4
GEYLANG,4,92,460000,58,13
GEYLANG,4,92,500000,62,10
GEYLANG,4,95,699000,91,7
GEYLANG,4,95,715000,91,16
GEYLANG,4,92,420000,56,1
GEYLANG,4,92,450000,56,4
GEYLANG,4,92,388000,56,1
GEYLANG,4,93,575000,84,1
GEYLANG,4,85,685000,84,4
GEYLANG,4,95,660000,80,1
GEYLANG,4,88,393800,55,16
GEYLANG,4,84,362000,65,7
GEYLANG,4,84,335000,65,4
GEYLANG,4,104,440000,65,10
GEYLANG,5,140,935000,63,4
GEYLANG,5,117,570000,57,4
GEYLANG,5,123,460000,57,7
GEYLANG,5,132,788000,63,13
GEYLANG,5,111,838000,84,7
GEYLANG,5,118,610000,60,13
GEYLANG,5,117,565000,56,10
GEYLANG,5,119,580000,56,19
GEYLANG,6,146,725000,67,4
GEYLANG,6,146,590000,66,1
GEYLANG,6,146,600000,66,4
GEYLANG,6,146,668000,66,10
GEYLANG,6,146,698000,65,10
GEYLANG,6,146,695000,66,4
GEYLANG,3,62,322000,48,7
GEYLANG,2,40,176000,50,1
GEYLANG,3,60,302000,65,10
GEYLANG,3,60.3,205000,46,1
GEYLANG,3,68,350000,61,1
GEYLANG,3,68,385000,61,10
GEYLANG,3,52,208000,50,7
GEYLANG,3,65,255000,46,4
GEYLANG,3,52,212000,50,7
GEYLANG,3,56,203000,48,4
GEYLANG,3,56,220000,48,4
GEYLANG,3,56,242000,46,1
GEYLANG,3,66,250000,61,4
GEYLANG,3,59,272888,57,7
GEYLANG,3,59,260000,56,4
GEYLANG,3,66,205000,61,1
GEYLANG,3,59,303000,62,7
GEYLANG,3,65,311000,56,4
GEYLANG,3,59,317000,56,7
GEYLANG,3,58,208000,52,1
GEYLANG,3,63,290000,79,4
GEYLANG,4,92,380000,57,4
GEYLANG,4,102,715000,78,13
GEYLANG,4,91,473000,57,10
GEYLANG,4,85,660000,86,7
GEYLANG,4,95,690000,91,10
GEYLANG,4,91,385000,60,10
GEYLANG,4,91,370000,60,10
GEYLANG,4,102,685000,77,10
GEYLANG,4,102,550000,77,7
GEYLANG,4,102,570000,76,16
GEYLANG,4,84,350000,65,4
GEYLANG,4,104,430000,65,4
GEYLANG,4,84,372500,65,4
GEYLANG,4,103,420000,65,7
GEYLANG,5,134,620000,58,4
GEYLANG,5,120,805000,78,7
GEYLANG,5,139,963000,64,7
GEYLANG,5,137,615000,63,1
GEYLANG,5,122,485000,65,7
GEYLANG,6,146,885000,66,16
GEYLANG,6,146,745000,66,13
GEYLANG,4,84,360000,65,1
GEYLANG,3,51,220000,50,1
GEYLANG,3,59,220000,46,1
GEYLANG,3,57,265000,50,7
GEYLANG,2,42,160000,48,4
GEYLANG,3,60,285000,65,7
GEYLANG,3,67,310000,57,10
GEYLANG,3,67,396000,58,10
GEYLANG,3,67,368000,63,4
GEYLANG,3,59,206888,48,1
GEYLANG,3,56,210000,48,4
GEYLANG,3,61,220000,48,4
GEYLANG,3,60,200000,49,4
GEYLANG,3,52,210000,50,10
GEYLANG,3,59,255000,46,7
GEYLANG,3,57,250000,50,7
GEYLANG,3,56,210000,48,7
GEYLANG,3,70,288000,56,1
GEYLANG,3,59,236000,56,1
GEYLANG,3,66,250000,61,7
GEYLANG,3,75,380000,64,4
GEYLANG,3,75,385000,64,4
GEYLANG,3,74,300000,63,10
GEYLANG,3,59,310000,56,4
GEYLANG,3,59,300000,56,4
GEYLANG,3,56,250000,48,4
GEYLANG,3,56,342000,48,7
GEYLANG,3,68,255000,60,4
GEYLANG,4,101,625000,63,10
GEYLANG,4,107,450000,75,1
GEYLANG,4,91,470000,58,10
GEYLANG,4,95,675000,91,10
GEYLANG,4,92,440000,56,4
GEYLANG,4,94,450000,61,4
GEYLANG,4,91,390000,60,4
GEYLANG,4,108,480000,69,4
GEYLANG,4,84,360000,65,7
GEYLANG,4,84,355000,65,4
GEYLANG,5,121,572000,63,10
GEYLANG,5,127,640000,77,7
GEYLANG,5,118,619000,61,7
GEYLANG,5,118,638000,60,10
GEYLANG,5,118,618000,60,13
GEYLANG,5,114,820000,79,4
GEYLANG,5,132,600000,60,10
GEYLANG,6,146,800000,66,7
GEYLANG,6,146,695000,65,7
GEYLANG,6,146,630000,65,1
GEYLANG,2,45,218000,65,10
GEYLANG,2,45,183000,48,4
GEYLANG,2,43,200000,48,1
GEYLANG,3,65,293000,55,7
GEYLANG,3,67,285000,57,10
GEYLANG,3,57,232000,52,4
GEYLANG,3,60,225000,46,1
GEYLANG,3,59,320000,65,4
GEYLANG,3,56,245000,48,7
GEYLANG,3,60,172000,49,10
GEYLANG,3,59,265000,46,4
GEYLANG,3,56,205000,48,4
GEYLANG,3,52,215000,50,4
GEYLANG,3,60,220000,48,4
GEYLANG,3,52,218000,50,4
GEYLANG,3,56,220000,48,1
GEYLANG,3,60,203000,49,7
GEYLANG,3,60,200000,49,7
GEYLANG,3,52,212000,50,1
GEYLANG,3,66,260000,61,7
GEYLANG,3,60,435000,86,1
GEYLANG,3,60,468000,86,13
GEYLANG,3,65,315000,56,1
GEYLANG,3,65,308000,55,4
GEYLANG,3,59,260000,48,1
GEYLANG,3,64,280000,79,4
GEYLANG,3,64,328000,65,7
GEYLANG,4,92,380000,57,10
GEYLANG,4,92,505000,60,4
GEYLANG,4,107,550000,77,4
GEYLANG,4,102,695000,77,7
GEYLANG,4,101,533888,63,10
GEYLANG,4,103,670000,77,4
GEYLANG,4,90,638000,86,1
GEYLANG,4,85,697000,86,16
GEYLANG,4,92,400000,57,10
GEYLANG,4,90,695000,86,19
GEYLANG,4,85,680000,86,13
GEYLANG,4,91,488000,61,7
GEYLANG,4,95,713000,91,10
GEYLANG,4,95,630000,91,10
GEYLANG,4,92,420000,55,1
GEYLANG,4,92,380000,55,4
GEYLANG,4,91,450000,64,4
GEYLANG,4,84,363000,65,10
GEYLANG,4,104,438000,68,4
GEYLANG,5,120,852000,77,13
GEYLANG,5,127,655000,75,4
GEYLANG,5,137,900000,64,7
GEYLANG,5,123,440000,56,10
GEYLANG,5,123,570000,61,1
GEYLANG,5,115,630000,55,19
GEYLANG,5,111,830000,84,10
GEYLANG,5,111,928000,79,7
GEYLANG,5,120,602500,77,1
GEYLANG,6,146,616000,65,4
GEYLANG,2,45,225000,65,10
GEYLANG,2,42,185000,50,7
GEYLANG,2,42,190000,50,4
GEYLANG,2,42,195000,48,7
GEYLANG,3,69,300000,65,7
GEYLANG,3,60,298000,65,10
GEYLANG,3,60,226000,46,7
GEYLANG,3,68,405000,60,4
GEYLANG,3,60,217500,50,4
GEYLANG,3,61,275000,50,10
GEYLANG,3,61,225000,48,7
GEYLANG,3,57,250000,50,7
GEYLANG,3,57,200000,50,1
GEYLANG,3,56,210000,48,7
GEYLANG,3,58,200000,52,1
GEYLANG,3,60,200000,49,7
GEYLANG,3,60,460000,86,13
GEYLANG,3,59,245000,56,4
GEYLANG,3,65,315000,55,7
GEYLANG,3,56,303000,48,7
GEYLANG,3,66,240000,60,4
GEYLANG,3,65,310000,56,7
GEYLANG,4,107,589998,60,10
GEYLANG,4,102,738000,77,16
GEYLANG,4,102,695000,77,4
GEYLANG,4,91,438000,56,10
GEYLANG,4,90,697000,86,16
GEYLANG,4,91,460000,56,7
GEYLANG,4,91,375000,59,7
GEYLANG,4,91,388000,59,10
GEYLANG,4,102,678000,77,10
GEYLANG,4,102,620000,77,4
GEYLANG,4,95,600000,79,16
GEYLANG,4,102,575000,77,10
GEYLANG,4,104,410000,68,7
GEYLANG,4,84,350000,65,7
GEYLANG,4,84,385000,64,7
GEYLANG,5,121,575000,63,13
GEYLANG,5,137,860000,64,4
GEYLANG,5,117,535000,56,7
GEYLANG,5,120,790000,77,10
GEYLANG,5,113,763000,79,1
GEYLANG,6,146,610000,66,4
GEYLANG,2,45,150000,48,4
GEYLANG,3,67,285000,57,10
GEYLANG,3,82,400000,58,10
GEYLANG,3,57,208000,52,1
GEYLANG,3,60,220000,46,1
GEYLANG,3,61,238000,48,4
GEYLANG,3,56,232000,48,1
GEYLANG,3,52,200000,50,1
GEYLANG,3,56,200000,48,4
GEYLANG,3,72,275000,50,4
GEYLANG,3,56,180000,48,4
GEYLANG,3,70,280000,56,10
GEYLANG,3,75,290000,61,4
GEYLANG,3,59,230000,56,1
GEYLANG,3,59,243000,56,1
GEYLANG,3,60,452000,86,7
GEYLANG,3,59,288000,62,4
GEYLANG,3,68,355000,61,7
GEYLANG,3,76,348000,55,4
GEYLANG,3,90,410000,65,7
GEYLANG,3,67,258000,52,7
GEYLANG,3,58,245000,51,1
GEYLANG,3,68,415000,60,1
GEYLANG,3,64,308000,79,4
GEYLANG,3,64,290000,65,1
GEYLANG,4,99,490000,58,4
GEYLANG,4,92,430000,57,4
GEYLANG,4,97,436500,64,4
GEYLANG,4,102,670000,77,7
GEYLANG,4,102,712500,77,10
GEYLANG,4,91,408000,57,7
GEYLANG,4,108,580000,63,10
GEYLANG,4,93,660000,91,7
GEYLANG,4,95,650000,91,4
GEYLANG,4,93,673000,91,7
GEYLANG,4,95,715000,91,16
GEYLANG,4,92,450000,55,7
GEYLANG,4,92,441000,55,7
GEYLANG,4,102,600000,77,1
GEYLANG,4,83,330000,65,7
GEYLANG,4,104,425000,65,10
GEYLANG,4,84,350000,64,1
GEYLANG,4,84,355000,65,7
GEYLANG,4,104,400000,65,4
GEYLANG,4,84,387000,65,4
GEYLANG,4,83,385000,79,4
GEYLANG,4,89,380000,65,1
GEYLANG,4,104,380000,64,1
GEYLANG,4,104,438888,64,7
GEYLANG,4,84,340000,65,1
GEYLANG,4,90,389000,65,7
GEYLANG,5,137,970000,63,13
GEYLANG,5,139,960000,64,7
GEYLANG,5,113,815000,79,1
GEYLANG,5,113,840000,79,4
GEYLANG,6,146,628000,66,1
GEYLANG,6,142,812000,64,10
GEYLANG,3,76,340000,55,1
GEYLANG,2,45,180000,50,1
GEYLANG,2,45,188000,48,4
GEYLANG,2,42,188000,50,1
GEYLANG,2,42,178000,48,4
GEYLANG,3,67,300000,57,7
GEYLANG,3,60,285000,65,4
GEYLANG,3,67,405888,62,13
GEYLANG,3,63.1,228000,50,13
GEYLANG,3,55,210000,50,1
GEYLANG,3,56,255000,46,4
GEYLANG,3,59,220000,46,1
GEYLANG,3,56,215000,48,7
GEYLANG,3,56,223000,48,7
GEYLANG,3,58,240000,52,13
GEYLANG,3,63.1,231000,50,13
GEYLANG,3,57,225000,50,10
GEYLANG,3,60,230000,48,1
GEYLANG,3,60,232000,48,4
GEYLANG,3,59,260000,56,4
GEYLANG,3,59,220000,56,10
GEYLANG,3,74,330000,63,13
GEYLANG,3,74,370000,65,4
GEYLANG,3,64,295000,79,1
GEYLANG,4,101,612000,62,7
GEYLANG,4,102,700000,77,10
GEYLANG,4,111,742000,62,13
GEYLANG,4,90,680000,86,10
GEYLANG,4,90,686000,86,13
GEYLANG,4,85,660000,86,7
GEYLANG,4,91,460000,57,16
GEYLANG,4,107,460000,62,4
GEYLANG,4,95,648888,91,4
GEYLANG,4,95,672000,91,13
GEYLANG,4,95,675000,91,4
GEYLANG,4,95,670000,91,13
GEYLANG,4,95,795000,79,16
GEYLANG,4,91,511000,64,4
GEYLANG,4,84,362000,64,7
GEYLANG,4,90,380000,64,4
GEYLANG,4,84,360000,64,4
GEYLANG,4,84,351000,65,7
GEYLANG,4,104,418888,64,4
GEYLANG,5,137,795000,62,4
GEYLANG,5,118,472000,56,4
GEYLANG,5,120,652000,61,7
GEYLANG,5,115,665000,55,16
GEYLANG,6,146,625000,65,1
GEYLANG,3,66,250000,60,7
GEYLANG,2,45,200000,58,10
GEYLANG,2,46,195000,52,7
GEYLANG,2,45,188000,50,7
GEYLANG,3,67,285000,57,10
GEYLANG,3,67,315000,57,10
GEYLANG,3,67,293000,57,7
GEYLANG,3,67,275000,57,1
GEYLANG,3,60.3,200000,46,4
GEYLANG,3,58,212000,52,4
GEYLANG,3,60,230000,46,1
GEYLANG,3,51,190000,50,1
GEYLANG,3,61,220000,48,4
GEYLANG,3,59,243000,46,7
GEYLANG,3,60,210000,49,7
GEYLANG,3,66,275000,61,10
GEYLANG,3,59,250000,56,7
GEYLANG,3,74,420000,63,1
GEYLANG,3,64,300000,79,4
GEYLANG,4,91,485000,57,7
GEYLANG,4,91,390000,57,1
GEYLANG,4,95,662000,91,7
GEYLANG,4,93,668000,91,10
GEYLANG,4,92,405000,55,7
GEYLANG,4,93,392000,59,4
GEYLANG,4,95,740000,79,10
GEYLANG,4,93,478000,64,4
GEYLANG,4,84,370000,64,7
GEYLANG,4,84,360000,64,4
GEYLANG,4,89,345000,64,1
GEYLANG,4,84,388000,64,10
GEYLANG,4,84,326000,65,1
GEYLANG,6,149,838000,64,1
GEYLANG,6,146,700000,65,10
GEYLANG,3,63.1,200000,50,1
GEYLANG,2,45,200000,65,4
GEYLANG,2,46,185000,52,7
GEYLANG,3,68,340000,60,10
GEYLANG,3,60.3,215000,46,7
GEYLANG,3,60.3,200000,46,10
GEYLANG,3,60.3,212000,46,7
GEYLANG,3,56,203000,46,1
GEYLANG,3,52,205000,50,4
GEYLANG,3,56,180000,48,4
GEYLANG,3,56,225000,48,7
GEYLANG,3,58,212000,51,7
GEYLANG,3,56,195000,48,7
GEYLANG,3,56,219500,46,1
GEYLANG,3,52,173000,50,4
GEYLANG,3,59,230000,56,7
GEYLANG,3,60,461000,85,7
GEYLANG,3,66,260000,61,1
GEYLANG,3,75,338000,62,1
GEYLANG,3,76,355000,55,7
GEYLANG,3,59,295000,61,13
GEYLANG,3,62,293000,48,7
GEYLANG,3,65,300000,60,7
GEYLANG,3,64,330000,79,1
GEYLANG,3,64,300000,79,1
GEYLANG,4,92,460000,64,13
GEYLANG,4,101,520000,77,1
GEYLANG,4,102,671000,63,1
GEYLANG,4,111,668000,62,7
GEYLANG,4,91,415000,56,7
GEYLANG,4,91,435000,57,10
GEYLANG,4,90,745000,86,10
GEYLANG,4,85,650000,84,10
GEYLANG,4,108,458000,68,4
GEYLANG,4,89,390000,65,1
GEYLANG,4,84,338000,65,1
GEYLANG,4,84,380000,64,10
GEYLANG,4,84,380000,64,10
GEYLANG,5,121,630000,62,10
GEYLANG,5,123,420000,56,1
GEYLANG,5,120,660088,61,10
GEYLANG,5,122,500000,65,7
GEYLANG,5,122,438000,64,4
GEYLANG,6,144,640000,66,1
GEYLANG,6,149,818000,64,13
GEYLANG,2,45,210000,64,7
GEYLANG,3,57,190000,52,1
GEYLANG,3,60,220000,45,4
GEYLANG,3,60,222000,45,7
GEYLANG,3,56,210000,48,10
GEYLANG,3,61,225000,48,4
GEYLANG,3,56,215000,47,4
GEYLANG,3,51,206000,49,1
GEYLANG,3,56,205000,47,1
GEYLANG,3,56,190000,47,7
GEYLANG,3,56,228000,45,10
GEYLANG,3,52,181000,49,1
GEYLANG,3,66,260000,60,7
GEYLANG,3,59,250000,56,7
GEYLANG,3,74,318000,63,7
GEYLANG,3,82,410000,60,10
GEYLANG,3,66,235000,60,4
GEYLANG,3,64,295000,64,1
GEYLANG,3,64,291000,79,1
GEYLANG,4,102,726888,77,16
GEYLANG,4,85,680000,85,13
GEYLANG,4,91,492000,61,4
GEYLANG,4,93,698888,90,10
GEYLANG,4,92,385000,55,4
GEYLANG,4,124,588000,48,4
GEYLANG,4,106,450000,69,7
GEYLANG,4,89,350000,64,1
GEYLANG,4,84,350000,64,1
GEYLANG,4,84,378000,64,4
GEYLANG,4,104,405000,64,1
GEYLANG,4,105,396888,64,1
GEYLANG,5,121,650000,62,19
GEYLANG,5,120,768000,77,7
GEYLANG,5,137,683888,71,7
GEYLANG,5,142,770000,63,10
GEYLANG,5,121,678000,76,7
GEYLANG,6,144,888000,66,19
GEYLANG,6,152,862000,66,13
GEYLANG,2,45,210000,64,4
GEYLANG,2,46,190000,52,4
GEYLANG,2,45,180000,45,7
GEYLANG,3,65,275000,54,4
GEYLANG,3,67,285000,56,7
GEYLANG,3,82,315000,60,4
GEYLANG,3,60.3,200000,45,1
GEYLANG,3,60.3,218000,45,7
GEYLANG,3,60.3,222000,45,10
GEYLANG,3,60,230000,47,10
GEYLANG,3,52,200000,49,1
GEYLANG,3,59,200000,45,4
GEYLANG,3,55,210000,47,1
GEYLANG,3,59,210000,45,1
GEYLANG,3,52,225000,49,7
GEYLANG,3,65,255000,56,7
GEYLANG,3,60,463000,85,10
GEYLANG,3,60,400000,85,7
GEYLANG,3,90,400000,62,10
GEYLANG,3,66,235000,60,4
GEYLANG,4,91,470000,60,4
GEYLANG,4,106,596000,76,16
GEYLANG,4,101,662000,77,1
GEYLANG,4,93,475000,60,1
GEYLANG,4,92,430000,56,10
GEYLANG,4,107,535000,63,4
GEYLANG,4,95,655000,90,13
GEYLANG,4,89,380000,54,13
GEYLANG,4,104,412000,64,4
GEYLANG,4,84,360000,64,1
GEYLANG,4,84,365000,64,4
GEYLANG,4,109,420000,64,1
GEYLANG,5,121,520000,62,4
GEYLANG,5,117,550000,56,13
GEYLANG,5,135,690000,71,4
GEYLANG,5,118,605000,59,16
GEYLANG,5,122,660000,76,7
GEYLANG,5,122,560000,64,7
GEYLANG,6,144,810000,66,10
GEYLANG,6,146,605000,65,1
GEYLANG,3,61,213000,47,7
GEYLANG,3,52,202000,49,10
GEYLANG,3,67,245000,45,1
GEYLANG,3,52,215000,49,7
GEYLANG,3,66,220500,60,4
GEYLANG,3,65,308000,55,10
GEYLANG,5,118,588000,59,4
GEYLANG,6,146,733000,66,1
GEYLANG,3,74,375000,60,1
GEYLANG,3,65,250000,56,1
GEYLANG,4,91,430000,63,4
GEYLANG,5,126,615000,76,4
GEYLANG,6,146,788000,66,4
GEYLANG,3,56,225000,47,7
GEYLANG,2,44,190000,49,1
GEYLANG,3,67,300000,56,10
GEYLANG,3,65,270000,54,4
GEYLANG,3,60,188000,45,1
GEYLANG,3,60,200000,45,1
GEYLANG,3,60,210000,45,4
GEYLANG,3,56,190000,47,4
GEYLANG,3,55,205000,47,1
GEYLANG,3,55,180000,47,1
GEYLANG,3,61,220000,47,1
GEYLANG,3,56,203000,47,7
GEYLANG,3,59,220000,45,7
GEYLANG,3,60,205000,47,1
GEYLANG,3,58,211000,51,10
GEYLANG,3,60,215000,49,4
GEYLANG,3,57,210000,49,7
GEYLANG,3,60,222000,47,1
GEYLANG,3,66,265000,60,7
GEYLANG,3,60,490000,85,16
GEYLANG,3,59,226000,56,1
GEYLANG,3,66,243000,60,4
GEYLANG,3,74,340000,62,4
GEYLANG,3,65,296000,55,10
GEYLANG,3,65,308000,55,4
GEYLANG,3,81,405000,60,7
GEYLANG,3,65,300000,55,1
GEYLANG,3,65,321000,55,10
GEYLANG,3,76,330000,55,7
GEYLANG,3,65,270000,59,7
GEYLANG,3,64,310000,79,1
GEYLANG,3,64,305000,79,1
GEYLANG,4,92,420000,64,4
GEYLANG,4,93,505000,60,7
GEYLANG,4,102,710000,76,7
GEYLANG,4,102,705000,63,10
GEYLANG,4,90,690000,85,13
GEYLANG,4,85,715000,85,16
GEYLANG,4,91,420000,56,13
GEYLANG,4,102,550000,63,7
GEYLANG,4,84,370000,65,4
GEYLANG,4,108,579000,62,4
GEYLANG,4,91,480000,61,1
GEYLANG,4,95,660000,90,7
GEYLANG,4,93,690000,90,13
GEYLANG,4,95,665000,90,16
GEYLANG,4,92,480000,55,13
GEYLANG,4,92,425000,55,10
GEYLANG,4,91,416000,59,10
GEYLANG,4,92,375000,59,4
GEYLANG,4,89,416600,54,16
GEYLANG,4,88,375000,54,4
GEYLANG,4,104,400000,65,4
GEYLANG,4,84,386000,64,10
GEYLANG,4,90,370000,64,1
GEYLANG,4,84,382000,64,10
GEYLANG,4,84,358000,64,7
GEYLANG,5,125,581000,57,4
GEYLANG,5,120,790000,76,7
GEYLANG,5,142,735000,63,1
GEYLANG,5,120,653000,61,10
GEYLANG,5,118,630000,55,10
GEYLANG,5,110,842800,84,7
GEYLANG,5,111,860000,83,13
GEYLANG,5,113,850000,79,4
GEYLANG,5,110,700000,79,7
GEYLANG,5,121,600000,76,1
GEYLANG,6,146,720000,65,13
GEYLANG,6,146,630000,64,4
GEYLANG,2,42,160000,47,10
GEYLANG,3,60,300000,64,7
GEYLANG,3,65,250000,54,1
GEYLANG,3,67,288000,56,10
GEYLANG,3,67,272000,56,10
GEYLANG,3,67,315000,57,7
GEYLANG,3,67,305000,59,10
GEYLANG,3,60.3,202000,45,1
GEYLANG,3,60,207000,45,1
GEYLANG,3,60.3,200000,45,1
GEYLANG,3,60,220000,45,7
GEYLANG,3,60,220000,45,4
GEYLANG,3,60.3,208000,45,7
GEYLANG,3,60,218000,49,7
GEYLANG,3,56,220000,47,7
GEYLANG,3,63.1,205000,49,13
GEYLANG,3,56,192000,47,4
GEYLANG,3,61,228000,47,4
GEYLANG,3,63.1,222888,49,10
GEYLANG,3,52,210000,49,4
GEYLANG,3,63.1,230000,49,7
GEYLANG,3,67,453000,95,4
GEYLANG,3,72,235000,49,4
GEYLANG,3,56,212000,47,7
GEYLANG,3,56,245000,47,7
GEYLANG,3,60,226000,49,10
GEYLANG,3,66,250000,60,10
GEYLANG,3,65,250000,55,4
GEYLANG,3,60,433000,85,4
GEYLANG,3,66,257000,60,10
GEYLANG,3,62,290000,47,4
GEYLANG,3,62,292000,47,4
GEYLANG,3,66,220000,59,13
GEYLANG,3,66,240000,59,1
GEYLANG,3,64,267000,64,1
GEYLANG,4,92,500000,56,4
GEYLANG,4,107,576000,76,13
GEYLANG,4,93,720000,95,7
GEYLANG,4,93,700000,95,16
GEYLANG,4,93,735000,95,7
GEYLANG,4,93,660000,90,7
GEYLANG,4,95,620000,90,7
GEYLANG,4,93,640000,90,7
GEYLANG,4,95,675000,90,10
GEYLANG,4,91,360000,59,7
GEYLANG,4,91,400000,59,7
GEYLANG,4,93,392000,59,10
GEYLANG,4,94,375000,59,10
GEYLANG,4,95,668000,79,1
GEYLANG,4,102,617500,75,16
GEYLANG,4,104,420000,64,10
GEYLANG,4,104,438888,63,7
GEYLANG,4,84,366888,64,4
GEYLANG,4,104,415000,63,1
GEYLANG,4,83,395000,78,1
GEYLANG,5,127,700000,76,16
GEYLANG,5,120,740000,76,1
GEYLANG,5,110,730000,85,4
GEYLANG,5,117,478000,55,4
GEYLANG,5,150,645000,59,7
GEYLANG,6,152,630000,64,1
GEYLANG,2,45,193000,45,4
GEYLANG,2,45,192500,45,1
GEYLANG,3,67,285000,57,4
GEYLANG,3,67,270000,56,1
GEYLANG,3,82,305000,56,7
GEYLANG,3,60,280000,64,1
GEYLANG,3,67,340000,56,7
GEYLANG,3,56,220000,47,1
GEYLANG,3,67,262000,45,7
GEYLANG,3,67,472000,95,13
GEYLANG,3,52,200000,49,1
GEYLANG,3,63.1,225000,49,7
GEYLANG,3,72,250000,49,13
GEYLANG,3,61,222000,47,7
GEYLANG,3,56,222000,45,10
GEYLANG,3,66,255000,60,10
GEYLANG,3,60,465000,85,10
GEYLANG,3,59,231000,55,4
GEYLANG,3,66,262000,60,4
GEYLANG,3,70,290000,55,4
GEYLANG,3,65,300000,54,4
GEYLANG,3,76,338000,55,10
GEYLANG,3,74,370000,64,13
GEYLANG,3,74,400000,64,7
GEYLANG,3,68,405000,59,4
GEYLANG,3,66,312500,59,13
GEYLANG,3,76,270000,59,4
GEYLANG,3,65,288000,55,4
GEYLANG,3,63,305000,78,1
GEYLANG,3,64,330000,64,4
GEYLANG,3,70,320000,64,1
GEYLANG,4,92,409000,59,10
GEYLANG,4,92,475000,61,4
GEYLANG,4,93,735000,95,16
GEYLANG,4,93,720000,95,7
GEYLANG,4,90,735000,85,13
GEYLANG,4,90,698000,85,16
GEYLANG,4,84,390000,65,1
GEYLANG,4,93,680000,90,13
GEYLANG,4,95,680000,90,10
GEYLANG,4,91,372000,59,10
GEYLANG,4,109,445000,68,1
GEYLANG,4,84,380000,64,13
GEYLANG,4,84,390000,64,10
GEYLANG,4,84,330000,64,4
GEYLANG,5,121,590000,62,1
GEYLANG,5,123,458888,55,13
GEYLANG,5,117,510000,55,1
GEYLANG,5,127,560000,67,7
GEYLANG,5,122,462000,64,1
GEYLANG,6,147,733888,64,4
GEYLANG,6,147,770000,64,1
