town,flat_type,floor_area_sqm,resale_price,remaining_lease,storey_range
HOUGANG,3,59,255000,57,4
HOUGANG,2,47,252000,94,10
HOUGANG,3,73,260000,60,1
HOUGANG,3,60,268000,69,1
HOUGANG,3,67,269000,60,1
HOUGANG,3,67,270000,66,1
HOUGANG,3,60,275000,67,1
HOUGANG,3,69,280000,67,4
HOUGANG,3,68,285000,65,4
HOUGANG,3,64,290000,68,4
HOUGANG,3,64,290000,68,7
HOUGANG,3,64,292000,68,4
HOUGANG,3,67,292000,65,1
HOUGANG,3,73,305000,60,7
HOUGANG,3,67,308000,65,10
HOUGANG,3,67,309888,65,7
HOUGANG,3,67,316500,66,4
HOUGANG,4,98,320000,67,7
HOUGANG,4,85,335000,71,1
HOUGANG,4,93,338000,75,1
HOUGANG,4,91,350000,67,1
HOUGANG,4,93,353000,65,4
HOUGANG,4,84,357000,67,10
HOUGANG,4,91,358000,67,4
HOUGANG,4,104,360000,69,1
HOUGANG,4,92,380000,79,4
HOUGANG,4,104,390000,65,4
HOUGANG,4,104,390000,67,4
HOUGANG,4,105,398000,71,7
HOUGANG,4,101,403000,80,10
HOUGANG,4,103,418000,73,7
HOUGANG,4,100,420000,80,7
HOUGANG,4,96,420000,66,13
HOUGANG,4,105,430000,72,4
HOUGANG,4,104,430000,68,10
HOUGANG,4,91,431000,68,7
HOUGANG,4,113,433000,72,13
HOUGANG,4,108,438000,66,10
HOUGANG,4,103,442500,74,10
HOUGANG,4,105,457000,74,4
HOUGANG,4,104,510000,74,13
HOUGANG,5,120,402800,80,1
HOUGANG,5,121,420000,79,7
HOUGANG,5,116,420000,81,4
HOUGANG,5,120,420000,80,1
HOUGANG,5,110,425000,86,7
HOUGANG,5,110,450000,85,16
HOUGANG,5,118,450000,79,10
HOUGANG,5,121,450000,80,7
HOUGANG,5,122,455000,80,13
HOUGANG,5,117,459888,79,10
HOUGANG,5,120,465000,80,16
HOUGANG,5,120,470000,79,4
HOUGANG,5,122,480000,68,10
HOUGANG,5,115,481000,81,10
HOUGANG,5,120,485000,80,10
HOUGANG,5,128,495000,74,7
HOUGANG,5,120,520000,80,7
HOUGANG,5,140,585000,66,1
HOUGANG,5,124,605000,74,7
HOUGANG,5,123,633000,81,16
HOUGANG,5,124,675000,74,13
HOUGANG,6,141,575000,80,1
HOUGANG,6,150,605000,74,1
HOUGANG,6,148,608888,68,4
HOUGANG,6,156,650000,68,1
HOUGANG,6,157,692000,68,10
HOUGANG,3,59,265000,57,13
HOUGANG,3,64,333000,69,1
HOUGANG,5,120,512000,81,13
HOUGANG,3,59,248000,57,4
HOUGANG,3,59,260000,57,4
HOUGANG,3,64,266000,70,4
HOUGANG,3,67,270000,60,4
HOUGANG,3,64,278000,68,1
HOUGANG,3,67,280000,66,4
HOUGANG,3,67,280000,66,1
HOUGANG,3,60,285000,68,1
HOUGANG,3,69,285000,68,1
HOUGANG,3,64,290000,70,13
HOUGANG,3,74,305000,66,10
HOUGANG,3,67,315000,94,10
HOUGANG,3,67,325000,94,10
HOUGANG,3,67,330000,94,10
HOUGANG,3,82,330000,63,10
HOUGANG,3,74,338000,67,7
HOUGANG,4,93,320000,65,4
HOUGANG,4,84,325000,67,1
HOUGANG,4,84,346000,67,4
HOUGANG,4,85,355000,85,7
HOUGANG,4,92,358000,79,4
HOUGANG,4,99,368000,66,10
HOUGANG,4,93,370000,65,1
HOUGANG,4,103,378000,69,4
HOUGANG,4,100,378000,80,13
HOUGANG,4,106,380000,74,7
HOUGANG,4,98,390000,68,7
HOUGANG,4,90,400000,85,13
HOUGANG,4,90,400888,85,10
HOUGANG,4,101,405000,81,10
HOUGANG,4,113,408000,71,4
HOUGANG,4,98,408000,79,7
HOUGANG,4,103,408800,74,7
HOUGANG,4,90,410000,85,13
HOUGANG,4,101,430000,79,1
HOUGANG,4,105,430000,74,10
HOUGANG,4,105,430000,74,4
HOUGANG,4,104,440000,74,1
HOUGANG,4,100,457000,79,13
HOUGANG,4,104,531000,74,13
HOUGANG,5,120,420000,80,1
HOUGANG,5,110,425000,85,10
HOUGANG,5,110,430000,85,7
HOUGANG,5,110,430000,86,10
HOUGANG,5,121,440000,67,4
HOUGANG,5,110,440000,86,4
HOUGANG,5,123,460000,67,7
HOUGANG,5,120,463000,79,10
HOUGANG,5,122,470000,72,4
HOUGANG,5,134,478000,65,10
HOUGANG,5,121,485000,70,4
HOUGANG,5,122,485000,79,10
HOUGANG,5,125,490000,57,10
HOUGANG,5,120,500000,69,10
HOUGANG,5,120,520000,80,16
HOUGANG,5,120,535000,69,13
HOUGANG,5,128,570000,74,4
HOUGANG,5,116,680000,79,13
HOUGANG,6,137,540000,81,1
HOUGANG,6,137,590000,81,7
HOUGANG,6,137,605000,81,13
HOUGANG,6,154,630000,69,1
HOUGANG,6,146,658000,74,4
HOUGANG,6,138,780000,79,7
HOUGANG,6,156,848000,66,13
HOUGANG,2,47,255000,94,7
HOUGANG,3,59,240000,57,10
HOUGANG,3,71,258000,57,4
HOUGANG,3,67,260000,65,1
HOUGANG,3,70,270000,57,10
HOUGANG,3,66,288000,63,4
HOUGANG,3,67,289000,63,7
HOUGANG,3,67,296000,65,4
HOUGANG,3,74,296000,69,7
HOUGANG,3,67,298000,65,4
HOUGANG,3,73,298000,60,10
HOUGANG,3,73,298000,60,7
HOUGANG,3,67,300000,64,7
HOUGANG,3,74,300000,66,4
HOUGANG,3,73,302000,60,1
HOUGANG,3,67,302000,65,7
HOUGANG,3,82,308500,64,1
HOUGANG,3,74,310000,69,10
HOUGANG,3,80,315000,64,1
HOUGANG,3,67,320000,63,7
HOUGANG,3,68,320000,67,10
HOUGANG,3,74,332000,69,1
HOUGANG,3,74,333000,68,10
HOUGANG,3,74,338000,68,1
HOUGANG,3,67,340000,94,10
HOUGANG,4,100,328000,80,1
HOUGANG,4,91,330000,67,4
HOUGANG,4,84,340000,68,4
HOUGANG,4,91,342000,75,1
HOUGANG,4,84,345000,69,4
HOUGANG,4,90,350000,85,10
HOUGANG,4,91,353000,68,4
HOUGANG,4,106,355000,74,4
HOUGANG,4,85,357000,85,4
HOUGANG,4,103,360000,66,1
HOUGANG,4,91,360000,67,7
HOUGANG,4,104,360000,69,4
HOUGANG,4,103,362000,74,7
HOUGANG,4,100,362500,80,4
HOUGANG,4,93,364000,66,7
HOUGANG,4,85,365000,85,7
HOUGANG,4,90,365000,85,7
HOUGANG,4,96,365000,66,10
HOUGANG,4,98,366000,60,4
HOUGANG,4,90,370000,85,1
HOUGANG,4,101,372000,80,4
HOUGANG,4,101,378000,81,13
HOUGANG,4,90,380000,85,13
HOUGANG,4,103,383000,69,7
HOUGANG,4,101,390000,80,10
HOUGANG,4,99,390000,79,13
HOUGANG,4,100,392000,79,4
HOUGANG,4,90,400000,85,16
HOUGANG,4,103,408000,66,4
HOUGANG,4,111,410000,74,7
HOUGANG,4,104,418000,68,10
HOUGANG,4,100,425000,79,4
HOUGANG,4,108,425000,66,4
HOUGANG,4,103,428888,66,10
HOUGANG,4,101,430000,79,10
HOUGANG,4,105,433000,71,7
HOUGANG,4,104,438000,74,10
HOUGANG,4,103,445000,66,10
HOUGANG,4,104,450088,74,10
HOUGANG,4,113,455000,72,13
HOUGANG,4,104,465000,74,7
HOUGANG,5,123,405000,79,1
HOUGANG,5,121,430000,67,1
HOUGANG,5,110,438000,85,10
HOUGANG,5,118,455000,78,16
HOUGANG,5,122,463000,68,7
HOUGANG,5,116,475000,81,10
HOUGANG,5,122,478000,68,10
HOUGANG,5,120,478000,69,10
HOUGANG,5,122,485000,79,10
HOUGANG,5,120,488000,80,4
HOUGANG,5,120,502500,74,4
HOUGANG,5,120,518888,80,4
HOUGANG,5,120,521000,80,10
HOUGANG,5,122,523000,74,1
HOUGANG,5,123,528000,79,4
HOUGANG,5,123,548000,71,4
HOUGANG,5,120,645000,79,13
HOUGANG,5,137,670888,66,1
HOUGANG,5,140,720000,66,10
HOUGANG,6,139,555000,79,4
HOUGANG,6,143,575000,74,1
HOUGANG,6,137,588000,81,4
HOUGANG,6,137,590000,81,4
HOUGANG,6,148,600000,69,1
HOUGANG,6,142,620000,69,7
HOUGANG,6,155,626000,66,1
HOUGANG,6,141,635000,80,7
HOUGANG,6,146,650000,66,4
HOUGANG,6,148,650000,68,4
HOUGANG,6,148,650000,68,7
HOUGANG,6,154,670000,74,7
HOUGANG,6,155,678000,68,4
HOUGANG,6,146,680000,71,1
HOUGANG,6,147,688000,68,7
HOUGANG,3,74,248000,69,1
HOUGANG,3,67,250000,67,1
HOUGANG,3,59,250000,57,13
HOUGANG,3,67,260000,66,1
HOUGANG,3,67,268000,66,1
HOUGANG,3,69,275000,69,4
HOUGANG,3,67,275000,66,1
HOUGANG,3,80,279000,67,1
HOUGANG,3,67,280000,66,1
HOUGANG,3,64,280000,67,4
HOUGANG,3,67,300000,64,10
HOUGANG,3,67,304000,65,7
HOUGANG,3,67,305000,94,4
HOUGANG,3,64,305000,68,10
HOUGANG,3,67,310000,64,4
HOUGANG,3,88,310000,60,10
HOUGANG,3,74,315000,69,1
HOUGANG,3,67,317000,67,1
HOUGANG,3,74,320000,69,4
HOUGANG,3,67,325000,64,10
HOUGANG,4,93,322000,66,4
HOUGANG,4,92,340000,64,1
HOUGANG,4,101,350000,81,1
HOUGANG,4,90,350000,81,10
HOUGANG,4,84,353000,68,7
HOUGANG,4,90,365000,85,7
HOUGANG,4,84,365000,69,10
HOUGANG,4,84,370000,69,4
HOUGANG,4,85,370000,85,13
HOUGANG,4,100,378000,80,7
HOUGANG,4,96,378000,66,10
HOUGANG,4,101,378000,80,10
HOUGANG,4,89,388000,68,4
HOUGANG,4,104,388000,71,7
HOUGANG,4,100,388000,79,13
HOUGANG,4,103,390000,74,7
HOUGANG,4,103,390000,68,10
HOUGANG,4,91,390088.88,67,7
HOUGANG,4,92,393000,79,1
HOUGANG,4,104,394000,71,7
HOUGANG,4,99,395000,78,7
HOUGANG,4,98,398000,78,13
HOUGANG,4,103,402000,68,10
HOUGANG,4,104,405000,65,13
HOUGANG,4,103,406000,66,4
HOUGANG,4,101,408000,81,10
HOUGANG,4,103,409000,79,7
HOUGANG,4,92,410000,67,7
HOUGANG,4,109,413000,71,13
HOUGANG,4,103,415000,65,7
HOUGANG,4,91,420000,67,7
HOUGANG,4,105,425000,69,13
HOUGANG,4,103,463000,66,7
HOUGANG,4,104,465000,68,7
HOUGANG,4,113,470000,72,13
HOUGANG,4,105,478000,71,10
HOUGANG,4,116,480000,74,13
HOUGANG,4,105,491000,74,10
HOUGANG,4,100,495888,80,10
HOUGANG,4,104,568000,74,13
HOUGANG,4,113,470000,72,13
HOUGANG,5,116,393000,81,1
HOUGANG,5,110,418000,85,4
HOUGANG,5,110,420000,85,13
HOUGANG,5,110,430000,85,10
HOUGANG,5,110,448000,85,13
HOUGANG,5,110,450000,85,13
HOUGANG,5,120,456000,80,10
HOUGANG,5,118,462000,78,4
HOUGANG,5,120,465000,79,1
HOUGANG,5,121,472000,79,7
HOUGANG,5,121,475000,81,13
HOUGANG,5,122,480000,74,1
HOUGANG,5,116,480000,81,13
HOUGANG,5,126,488888,68,10
HOUGANG,5,120,495000,79,10
HOUGANG,5,121,500000,71,4
HOUGANG,5,122,505000,79,7
HOUGANG,5,117,520000,78,13
HOUGANG,5,134,525000,64,10
HOUGANG,5,131,550000,65,13
HOUGANG,5,122,556000,71,10
HOUGANG,5,128,560000,71,4
HOUGANG,5,121,565000,80,13
HOUGANG,5,124,570000,74,7
HOUGANG,5,135,580000,65,10
HOUGANG,5,125,605000,74,16
HOUGANG,5,121,628888,79,10
HOUGANG,5,119,652800,79,4
HOUGANG,5,142,710000,66,7
HOUGANG,6,137,520000,81,4
HOUGANG,6,148,540000,69,1
HOUGANG,6,137,545000,81,4
HOUGANG,6,137,550000,81,7
HOUGANG,6,137,592000,81,10
HOUGANG,6,151,600000,66,1
HOUGANG,6,150,620000,74,1
HOUGANG,6,148,640000,74,7
HOUGANG,6,155,656888,70,1
HOUGANG,6,148,665000,69,7
HOUGANG,6,148,720000,74,10
HOUGANG,6,148,815000,74,4
HOUGANG,3,64,258000,68,4
HOUGANG,3,73,265000,60,1
HOUGANG,3,60,270000,67,7
HOUGANG,3,67,275000,66,7
HOUGANG,3,67,277000,66,4
HOUGANG,3,67,277000,64,4
HOUGANG,3,67,285000,65,10
HOUGANG,3,69,286888,67,10
HOUGANG,3,67,287000,64,4
HOUGANG,3,67,295000,64,4
HOUGANG,3,69,298000,67,10
HOUGANG,3,69,298000,69,7
HOUGANG,3,73,300000,60,7
HOUGANG,3,74,308500,68,7
HOUGANG,3,73,310000,60,7
HOUGANG,3,74,320000,65,13
HOUGANG,3,74,320000,68,1
HOUGANG,3,74,332000,68,1
HOUGANG,3,80,340000,64,13
HOUGANG,3,74,342000,69,7
HOUGANG,3,82,343000,68,10
HOUGANG,4,91,315000,63,4
HOUGANG,4,82,315000,57,10
HOUGANG,4,93,335000,65,1
HOUGANG,4,84,350000,67,7
HOUGANG,4,104,350000,71,1
HOUGANG,4,103,353000,74,1
HOUGANG,4,91,355000,67,7
HOUGANG,4,93,355000,67,7
HOUGANG,4,84,356000,68,10
HOUGANG,4,90,358000,81,10
HOUGANG,4,94,360000,68,10
HOUGANG,4,90,366000,81,4
HOUGANG,4,93,366500,64,4
HOUGANG,4,92,367000,66,10
HOUGANG,4,91,370000,67,7
HOUGANG,4,98,377400,60,10
HOUGANG,4,93,378000,67,7
HOUGANG,4,91,380000,67,10
HOUGANG,4,84,380000,68,10
HOUGANG,4,91,380000,66,7
HOUGANG,4,103,383000,65,7
HOUGANG,4,90,385000,85,13
HOUGANG,4,100,385000,80,10
HOUGANG,4,100,388000,80,10
HOUGANG,4,98,390000,60,10
HOUGANG,4,104,390000,65,7
HOUGANG,4,91,395000,67,7
HOUGANG,4,91,398000,67,7
HOUGANG,4,100,400000,79,4
HOUGANG,4,97,400000,66,10
HOUGANG,4,84,402000,68,4
HOUGANG,4,105,405000,74,4
HOUGANG,4,93,405000,66,4
HOUGANG,4,108,405000,66,4
HOUGANG,4,98,405000,78,4
HOUGANG,4,101,415000,79,10
HOUGANG,4,104,420000,74,7
HOUGANG,4,105,425000,71,10
HOUGANG,4,101,440000,79,4
HOUGANG,4,105,448000,71,4
HOUGANG,4,101,448000,79,13
HOUGANG,4,100,460000,80,13
HOUGANG,4,103,465000,79,10
HOUGANG,4,104,470000,74,16
HOUGANG,4,104,480000,74,7
HOUGANG,4,100,490000,79,10
HOUGANG,4,104,470000,74,16
HOUGANG,5,116,386000,81,1
HOUGANG,5,110,390000,85,1
HOUGANG,5,110,408000,85,13
HOUGANG,5,110,410000,85,10
HOUGANG,5,121,425000,68,1
HOUGANG,5,122,450000,71,1
HOUGANG,5,121,465000,79,10
HOUGANG,5,120,465000,80,7
HOUGANG,5,117,468000,78,4
HOUGANG,5,118,470000,79,10
HOUGANG,5,121,470000,69,4
HOUGANG,5,116,480000,81,10
HOUGANG,5,115,480000,81,13
HOUGANG,5,115,510000,81,13
HOUGANG,5,121,538000,69,7
HOUGANG,5,120,538000,69,13
HOUGANG,5,131,582000,71,10
HOUGANG,5,123,638000,74,4
HOUGANG,5,133,700000,64,1
HOUGANG,5,117,468000,78,4
HOUGANG,6,137,580888,81,4
HOUGANG,6,147,645000,74,7
HOUGANG,6,146,650000,66,7
HOUGANG,6,148,660000,73,4
HOUGANG,6,143,675000,74,13
HOUGANG,6,150,710000,74,10
HOUGANG,6,146,715000,72,4
HOUGANG,6,148,715000,66,10
HOUGANG,6,138,730000,78,13
HOUGANG,6,153,737000,68,4
HOUGANG,6,144,740000,74,10
HOUGANG,6,156,750000,74,4
HOUGANG,6,150,762000,74,4
HOUGANG,2,47,255000,93,7
HOUGANG,2,47,255000,93,13
HOUGANG,3,59,255000,57,7
HOUGANG,3,68,275000,64,4
HOUGANG,3,67,277000,66,7
HOUGANG,3,64,285000,68,7
HOUGANG,3,67,290000,63,7
HOUGANG,3,64,290000,67,4
HOUGANG,3,74,300000,69,1
HOUGANG,3,74,308000,69,10
HOUGANG,3,74,308000,69,10
HOUGANG,3,74,318000,69,4
HOUGANG,3,74,320000,65,4
HOUGANG,3,74,348000,64,1
HOUGANG,3,74,362000,65,1
HOUGANG,4,93,330000,79,1
HOUGANG,4,84,335000,69,1
HOUGANG,4,93,345000,64,10
HOUGANG,4,84,347000,67,10
HOUGANG,4,91,350000,67,4
HOUGANG,4,103,353000,69,1
HOUGANG,4,85,355000,84,13
HOUGANG,4,84,363000,68,7
HOUGANG,4,93,370000,67,4
HOUGANG,4,94,370000,79,13
HOUGANG,4,101,370000,79,7
HOUGANG,4,93,375000,67,7
HOUGANG,4,103,377000,68,4
HOUGANG,4,84,380000,69,7
HOUGANG,4,101,385000,79,7
HOUGANG,4,104,388000,74,1
HOUGANG,4,91,388000,68,10
HOUGANG,4,101,388000,81,13
HOUGANG,4,89,390000,67,1
HOUGANG,4,93,390000,65,7
HOUGANG,4,100,390000,81,7
HOUGANG,4,100,391000,80,7
HOUGANG,4,93,395000,66,10
HOUGANG,4,103,400000,66,1
HOUGANG,4,104,402000,74,4
HOUGANG,4,101,403000,80,4
HOUGANG,4,93,405000,67,10
HOUGANG,4,103,405000,74,7
HOUGANG,4,100,405000,78,13
HOUGANG,4,101,410000,79,7
HOUGANG,4,116,475000,74,10
HOUGANG,4,105,500000,74,13
HOUGANG,5,120,390000,80,1
HOUGANG,5,110,405000,85,7
HOUGANG,5,120,418000,69,1
HOUGANG,5,121,418000,67,1
HOUGANG,5,110,420000,85,10
HOUGANG,5,110,420000,85,16
HOUGANG,5,116,430000,80,4
HOUGANG,5,122,443000,68,1
HOUGANG,5,121,455000,65,10
HOUGANG,5,120,478000,79,13
HOUGANG,5,134,480000,64,1
HOUGANG,5,120,485000,80,7
HOUGANG,5,121,492000,69,4
HOUGANG,5,120,495000,80,13
HOUGANG,5,120,518000,79,16
HOUGANG,5,123,580000,74,4
HOUGANG,5,126,590000,74,10
HOUGANG,5,144,635000,64,1
HOUGANG,5,120,650000,81,13
HOUGANG,5,133,698888,74,13
HOUGANG,6,147,625000,66,4
HOUGANG,6,148,628888,68,1
HOUGANG,6,149,638000,66,4
HOUGANG,6,147,655000,68,4
HOUGANG,6,145,668888,69,4
HOUGANG,6,141,670000,66,4
HOUGANG,6,148,675000,72,7
HOUGANG,6,148,680000,66,1
HOUGANG,6,141,750000,81,10
HOUGANG,6,141,790000,78,1
HOUGANG,6,150,810000,66,13
HOUGANG,6,148,820000,74,4
HOUGANG,6,148,830000,74,4
HOUGANG,6,148,832000,74,7
HOUGANG,2,47,233000,93,1
HOUGANG,2,47,265000,93,13
HOUGANG,3,74,270000,68,1
HOUGANG,3,67,275000,64,1
HOUGANG,3,67,280000,65,4
HOUGANG,3,74,280000,69,7
HOUGANG,3,67,285000,67,4
HOUGANG,3,67,293000,64,7
HOUGANG,3,64,297000,67,7
HOUGANG,3,67,300000,67,4
HOUGANG,3,67,350000,63,7
HOUGANG,4,90,330000,81,1
HOUGANG,4,91,335000,67,1
HOUGANG,4,84,341000,67,4
HOUGANG,4,93,342000,67,10
HOUGANG,4,84,345000,67,4
HOUGANG,4,84,345000,70,7
HOUGANG,4,91,350000,67,4
HOUGANG,4,93,350000,66,10
HOUGANG,4,84,350000,67,4
HOUGANG,4,96,350000,65,4
HOUGANG,4,93,360000,67,4
HOUGANG,4,90,368000,79,4
HOUGANG,4,91,370000,66,1
HOUGANG,4,104,370000,68,1
HOUGANG,4,90,380000,85,7
HOUGANG,4,101,380000,80,4
HOUGANG,4,100,385000,79,4
HOUGANG,4,101,388888,80,10
HOUGANG,4,91,395000,67,10
HOUGANG,4,108,395000,70,4
HOUGANG,4,100,395000,80,10
HOUGANG,4,101,395000,79,7
HOUGANG,4,92,400000,79,10
HOUGANG,4,104,400000,67,7
HOUGANG,4,92,405000,79,7
HOUGANG,4,103,405000,69,7
HOUGANG,4,101,408000,80,7
HOUGANG,4,104,408000,66,4
HOUGANG,4,105,410000,73,4
HOUGANG,4,104,410000,74,7
HOUGANG,4,104,418000,66,4
HOUGANG,4,104,422888,71,10
HOUGANG,4,108,430000,65,4
HOUGANG,4,105,430000,72,7
HOUGANG,4,104,455000,74,7
HOUGANG,4,103,510000,66,10
HOUGANG,5,110,415000,85,7
HOUGANG,5,116,435000,81,10
HOUGANG,5,121,445000,71,1
HOUGANG,5,116,465000,81,7
HOUGANG,5,121,468000,65,10
HOUGANG,5,121,480000,80,4
HOUGANG,5,131,483000,64,4
HOUGANG,5,121,518000,66,10
HOUGANG,5,121,550000,69,10
HOUGANG,5,122,580000,74,7
HOUGANG,5,123,585000,74,4
HOUGANG,5,121,468000,65,10
HOUGANG,6,137,570000,81,4
HOUGANG,6,150,616000,66,1
HOUGANG,6,145,620000,69,1
HOUGANG,6,141,620000,80,1
HOUGANG,6,148,860000,74,10
HOUGANG,5,117,468000,78,7
HOUGANG,2,47,235000,93,1
HOUGANG,3,59,250000,56,7
HOUGANG,3,64,264000,67,1
HOUGANG,3,59,280000,56,4
HOUGANG,3,73,283000,59,7
HOUGANG,3,67,283000,65,4
HOUGANG,3,74,290000,68,1
HOUGANG,3,74,292000,68,7
HOUGANG,3,69,292000,68,7
HOUGANG,3,67,298000,64,10
HOUGANG,3,73,300000,59,1
HOUGANG,3,74,300000,69,4
HOUGANG,3,74,308000,69,4
HOUGANG,3,74,308000,65,7
HOUGANG,3,67,308000,64,10
HOUGANG,3,74,360000,68,7
HOUGANG,4,90,303000,84,4
HOUGANG,4,84,323000,67,4
HOUGANG,4,91,330000,66,4
HOUGANG,4,93,335000,64,1
HOUGANG,4,85,338000,85,4
HOUGANG,4,84,338000,69,4
HOUGANG,4,103,348000,68,4
HOUGANG,4,100,348000,81,4
HOUGANG,4,91,350000,67,7
HOUGANG,4,84,351000,67,1
HOUGANG,4,84,354000,69,4
HOUGANG,4,90,355000,84,1
HOUGANG,4,84,356000,68,7
HOUGANG,4,101,359000,81,4
HOUGANG,4,91,360000,67,7
HOUGANG,4,93,362000,67,7
HOUGANG,4,104,363000,71,1
HOUGANG,4,90,365000,84,4
HOUGANG,4,98,369000,68,4
HOUGANG,4,91,370000,63,10
HOUGANG,4,100,370000,81,4
HOUGANG,4,101,373000,80,7
HOUGANG,4,92,375000,59,10
HOUGANG,4,103,380000,68,10
HOUGANG,4,104,390000,71,10
HOUGANG,4,104,405000,74,1
HOUGANG,4,105,408000,70,1
HOUGANG,4,115,408000,74,1
HOUGANG,4,104,408000,64,7
HOUGANG,4,100,410000,80,7
HOUGANG,4,104,415800,68,7
HOUGANG,4,101,418000,79,10
HOUGANG,4,104,440000,67,10
HOUGANG,4,104,445000,67,7
HOUGANG,4,105,450000,74,7
HOUGANG,4,101,452000,81,7
HOUGANG,4,101,453000,79,7
HOUGANG,4,103,515000,65,10
HOUGANG,5,110,380000,84,1
HOUGANG,5,110,400000,85,4
HOUGANG,5,121,412000,65,1
HOUGANG,5,110,435300,85,13
HOUGANG,5,121,439000,79,1
HOUGANG,5,110,440000,84,16
HOUGANG,5,120,450000,79,4
HOUGANG,5,110,455000,84,7
HOUGANG,5,121,462000,65,4
HOUGANG,5,121,465000,80,7
HOUGANG,5,117,465000,78,7
HOUGANG,5,123,470000,79,1
HOUGANG,5,121,478888,81,10
HOUGANG,5,120,485000,79,13
HOUGANG,5,115,488000,80,13
HOUGANG,5,121,490000,68,10
HOUGANG,5,121,495000,80,7
HOUGANG,5,120,496000,80,10
HOUGANG,5,126,517000,66,7
HOUGANG,5,120,520000,79,7
HOUGANG,5,115,520000,80,10
HOUGANG,5,120,525000,79,4
HOUGANG,5,123,540000,74,7
HOUGANG,5,124,550000,74,4
HOUGANG,5,121,560000,69,7
HOUGANG,5,125,580000,74,4
HOUGANG,5,132,605000,66,7
HOUGANG,5,132,605000,66,10
HOUGANG,5,122,618000,79,10
HOUGANG,5,144,648888,65,1
HOUGANG,5,117,650000,78,4
HOUGANG,5,133,718000,64,1
HOUGANG,5,117,468000,78,7
HOUGANG,6,137,540000,81,1
HOUGANG,6,137,580000,81,10
HOUGANG,6,137,588000,81,10
HOUGANG,6,148,618000,74,1
HOUGANG,6,151,620000,66,4
HOUGANG,6,149,660000,68,10
HOUGANG,6,147,680000,74,10
HOUGANG,6,148,715000,66,4
HOUGANG,6,145,732000,69,4
HOUGANG,6,146,780000,65,13
HOUGANG,6,138,798888,78,4
HOUGANG,6,150,890000,74,4
HOUGANG,3,67,270000,65,13
HOUGANG,3,67,272000,62,4
HOUGANG,3,67,275000,67,10
HOUGANG,3,69,280000,69,1
HOUGANG,3,67,283000,65,4
HOUGANG,3,74,283000,68,4
HOUGANG,3,69,283888,69,10
HOUGANG,3,74,286000,64,1
HOUGANG,3,73,290000,59,7
HOUGANG,3,67,297000,66,10
HOUGANG,3,73,300000,59,7
HOUGANG,3,74,300000,68,7
HOUGANG,4,84,310000,69,1
HOUGANG,4,84,318000,68,1
HOUGANG,4,104,335000,71,1
HOUGANG,4,93,340000,66,1
HOUGANG,4,98,350000,66,7
HOUGANG,4,84,350000,67,4
HOUGANG,4,85,355000,84,4
HOUGANG,4,101,355000,79,1
HOUGANG,4,90,360000,84,7
HOUGANG,4,99,365000,67,1
HOUGANG,4,100,368000,81,4
HOUGANG,4,103,370000,74,1
HOUGANG,4,99,370000,78,7
HOUGANG,4,104,382000,64,13
HOUGANG,4,103,390000,74,4
HOUGANG,4,105,390000,74,4
HOUGANG,4,106,395000,66,4
HOUGANG,4,101,412000,81,4
HOUGANG,4,103,415000,79,1
HOUGANG,4,103,420000,71,7
HOUGANG,4,102,425000,74,7
HOUGANG,4,104,430000,67,10
HOUGANG,4,109,450000,64,7
HOUGANG,4,104,450000,74,4
HOUGANG,4,105,451000,73,1
HOUGANG,4,104,513000,73,13
HOUGANG,4,122,525000,74,4
HOUGANG,5,110,380000,84,1
HOUGANG,5,121,400000,64,10
HOUGANG,5,110,403000,84,4
HOUGANG,5,110,405000,85,13
HOUGANG,5,121,425000,79,1
HOUGANG,5,110,435000,84,7
HOUGANG,5,121,442000,68,1
HOUGANG,5,121,442000,66,13
HOUGANG,5,121,445000,81,4
HOUGANG,5,121,448000,71,4
HOUGANG,5,120,455000,79,4
HOUGANG,5,115,456000,80,7
HOUGANG,5,117,480888,78,7
HOUGANG,5,120,490000,79,10
HOUGANG,5,120,505000,79,13
HOUGANG,5,131,520000,65,1
HOUGANG,5,131,523000,65,1
HOUGANG,5,121,535000,68,10
HOUGANG,5,140,720000,66,4
HOUGANG,6,137,570000,81,4
HOUGANG,6,137,578000,80,10
HOUGANG,6,137,578000,80,13
HOUGANG,6,140,613000,79,7
HOUGANG,6,141,653000,80,13
HOUGANG,6,148,668000,73,7
HOUGANG,6,148,690000,80,13
HOUGANG,3,59,230000,56,4
HOUGANG,3,73,230000,59,4
HOUGANG,3,67,273000,66,4
HOUGANG,3,73,280000,59,10
HOUGANG,3,64,280000,70,1
HOUGANG,3,67,280000,66,1
HOUGANG,3,69,282000,66,7
HOUGANG,3,67,283000,64,4
HOUGANG,3,67,285000,63,10
HOUGANG,3,64,285000,68,1
HOUGANG,3,64,288000,68,4
HOUGANG,3,69,290000,66,4
HOUGANG,3,74,301000,68,7
HOUGANG,3,64,302888,67,7
HOUGANG,3,73,305000,59,10
HOUGANG,3,74,305000,66,4
HOUGANG,3,64,308000,68,1
HOUGANG,3,64,310000,67,1
HOUGANG,3,74,317000,68,4
HOUGANG,4,84,315000,67,1
HOUGANG,4,100,330000,80,1
HOUGANG,4,90,353000,84,4
HOUGANG,4,93,355000,66,10
HOUGANG,4,103,357000,74,1
HOUGANG,4,90,360000,84,10
HOUGANG,4,90,361800,84,16
HOUGANG,4,84,370000,68,4
HOUGANG,4,90,370000,84,7
HOUGANG,4,90,370000,84,10
HOUGANG,4,84,370888,67,4
HOUGANG,4,90,373000,84,13
HOUGANG,4,91,375000,66,7
HOUGANG,4,101,380000,79,10
HOUGANG,4,82,380000,57,7
HOUGANG,4,103,385000,65,10
HOUGANG,4,91,388000,66,10
HOUGANG,4,101,390000,79,1
HOUGANG,4,101,392500,79,4
HOUGANG,4,104,395000,64,10
HOUGANG,4,101,395000,79,4
HOUGANG,4,101,398000,79,7
HOUGANG,4,104,400000,67,1
HOUGANG,4,104,400000,68,10
HOUGANG,4,91,405000,67,4
HOUGANG,4,104,405000,67,4
HOUGANG,4,101,408000,79,7
HOUGANG,4,101,420000,79,7
HOUGANG,4,93,420000,67,7
HOUGANG,4,114,425000,71,7
HOUGANG,4,95,432888,63,7
HOUGANG,4,105,435000,70,7
HOUGANG,4,108,443000,66,13
HOUGANG,4,106,480000,73,7
HOUGANG,5,110,375000,85,4
HOUGANG,5,110,392000,84,4
HOUGANG,5,121,393000,79,1
HOUGANG,5,110,410000,84,10
HOUGANG,5,116,410000,80,4
HOUGANG,5,110,420000,85,1
HOUGANG,5,116,430000,80,4
HOUGANG,5,116,455000,80,10
HOUGANG,5,120,460000,80,4
HOUGANG,5,120,468000,57,16
HOUGANG,5,116,480000,80,7
HOUGANG,5,131,488000,65,1
HOUGANG,5,121,492000,68,13
HOUGANG,5,132,595000,66,10
HOUGANG,5,119,629000,79,13
HOUGANG,5,137,652000,64,1
HOUGANG,5,120,468000,57,16
HOUGANG,6,137,560000,81,7
HOUGANG,6,142,596000,66,1
HOUGANG,6,144,625000,68,1
HOUGANG,6,146,650000,68,10
HOUGANG,6,147,650000,70,1
HOUGANG,6,145,676500,69,10
HOUGANG,6,146,692000,72,1
HOUGANG,6,147,700800,73,4
HOUGANG,6,147,723000,73,7
HOUGANG,6,138,820000,78,10
HOUGANG,6,145,850000,68,13
HOUGANG,3,59,245000,56,4
HOUGANG,3,59,250000,56,4
HOUGANG,3,59,260000,56,4
HOUGANG,3,64,260000,70,1
HOUGANG,3,67,262800,64,1
HOUGANG,3,67,270000,62,4
HOUGANG,3,67,273000,66,7
HOUGANG,3,67,274000,66,1
HOUGANG,3,67,280000,63,4
HOUGANG,3,67,280000,64,1
HOUGANG,3,67,280000,64,4
HOUGANG,3,70,280000,56,7
HOUGANG,3,69,280000,66,4
HOUGANG,3,73,282500,59,1
HOUGANG,3,64,285000,67,4
HOUGANG,3,74,285000,68,4
HOUGANG,3,74,290000,68,1
HOUGANG,3,64,295000,67,4
HOUGANG,3,82,310000,66,4
HOUGANG,3,74,313000,68,7
HOUGANG,3,67,313000,66,1
HOUGANG,3,74,315000,68,10
HOUGANG,3,74,318000,69,4
HOUGANG,3,73,325000,59,10
HOUGANG,4,84,315000,67,4
HOUGANG,4,84,315000,66,1
HOUGANG,4,84,322000,69,1
HOUGANG,4,91,323000,66,1
HOUGANG,4,96,335000,63,4
HOUGANG,4,89,338000,66,1
HOUGANG,4,93,350000,66,13
HOUGANG,4,84,350000,67,13
HOUGANG,4,85,350000,84,7
HOUGANG,4,84,350000,68,7
HOUGANG,4,94,352000,79,4
HOUGANG,4,89,355000,68,1
HOUGANG,4,105,356000,73,10
HOUGANG,4,93,360000,66,4
HOUGANG,4,85,365000,85,10
HOUGANG,4,91,368000,66,13
HOUGANG,4,104,370000,73,1
HOUGANG,4,92,370000,79,10
HOUGANG,4,84,373000,68,10
HOUGANG,4,85,375000,85,7
HOUGANG,4,100,378000,79,7
HOUGANG,4,100,398000,79,13
HOUGANG,4,104,400000,73,1
HOUGANG,4,110,410000,73,10
HOUGANG,4,104,415000,67,7
HOUGANG,4,104,415000,70,4
HOUGANG,4,113,440000,70,10
HOUGANG,4,104,455000,66,10
HOUGANG,4,107,480000,73,10
HOUGANG,4,104,482000,73,13
HOUGANG,5,116,430000,80,7
HOUGANG,5,110,438000,85,16
HOUGANG,5,120,445000,78,13
HOUGANG,5,120,445000,69,7
HOUGANG,5,110,445000,85,16
HOUGANG,5,115,465000,80,4
HOUGANG,5,115,472000,80,7
HOUGANG,5,116,475000,80,13
HOUGANG,5,120,480000,79,16
HOUGANG,5,123,480000,78,1
HOUGANG,5,121,495000,80,10
HOUGANG,5,126,500000,65,1
HOUGANG,5,121,510000,79,13
HOUGANG,5,123,528000,78,10
HOUGANG,5,124,603000,73,1
HOUGANG,5,116,650000,78,4
HOUGANG,5,124,680000,73,13
HOUGANG,5,136,720000,65,10
HOUGANG,6,140,570000,78,4
HOUGANG,6,137,582000,80,1
HOUGANG,6,148,600000,67,4
HOUGANG,6,148,625000,66,4
HOUGANG,6,156,700000,67,10
HOUGANG,6,148,705000,73,4
HOUGANG,6,150,742000,67,10
HOUGANG,3,82,310000,67,7
HOUGANG,3,73,267000,59,1
HOUGANG,3,73,275000,59,4
HOUGANG,3,74,310000,68,1
HOUGANG,3,67,290000,63,7
HOUGANG,3,60,283000,69,7
HOUGANG,3,60,260000,66,10
HOUGANG,3,60,250000,69,4
HOUGANG,3,74,280000,68,4
HOUGANG,3,74,283000,68,1
HOUGANG,4,90,300000,84,4
HOUGANG,4,90,333000,84,1
HOUGANG,4,93,395000,67,4
HOUGANG,4,105,443888,73,13
HOUGANG,4,88,338000,68,1
HOUGANG,4,91,384000,66,10
HOUGANG,4,107,400000,73,7
HOUGANG,4,91,408000,66,10
HOUGANG,4,93,328888,66,7
HOUGANG,4,98,368000,59,10
HOUGANG,4,103,340000,68,1
HOUGANG,4,94,341000,64,4
HOUGANG,4,104,415000,68,4
HOUGANG,4,105,490000,71,10
HOUGANG,4,91,338000,66,7
HOUGANG,4,84,383000,68,10
HOUGANG,4,105,360000,71,1
HOUGANG,4,113,375000,71,10
HOUGANG,4,103,380000,73,4
HOUGANG,4,100,355000,79,1
HOUGANG,4,100,365000,80,7
HOUGANG,4,100,383000,79,10
HOUGANG,4,104,470000,73,4
HOUGANG,4,104,430000,73,1
HOUGANG,4,103,448000,79,7
HOUGANG,4,100,455000,79,7
HOUGANG,4,106,418000,73,10
HOUGANG,4,103,378000,73,4
HOUGANG,4,98,410000,78,7
HOUGANG,4,101,388000,78,1
HOUGANG,4,92,388000,78,10
HOUGANG,4,93,330000,78,4
HOUGANG,4,101,338000,79,1
HOUGANG,4,105,408000,66,7
HOUGANG,4,103,400000,65,4
HOUGANG,4,104,470000,73,4
HOUGANG,5,110,418000,85,13
HOUGANG,5,126,540000,73,13
HOUGANG,5,131,475000,64,1
HOUGANG,5,121,468000,69,1
HOUGANG,5,124,600000,73,7
HOUGANG,5,120,472000,79,7
HOUGANG,5,120,488000,79,10
HOUGANG,5,120,468000,79,7
HOUGANG,5,121,470000,80,7
HOUGANG,5,121,545000,66,7
HOUGANG,5,121,470000,70,1
HOUGANG,5,121,465000,79,10
HOUGANG,5,120,385000,79,1
HOUGANG,5,120,437000,80,4
HOUGANG,5,121,470000,79,13
HOUGANG,5,121,510789,79,13
HOUGANG,5,121,468000,69,1
HOUGANG,5,120,468000,79,7
HOUGANG,6,150,748888,67,10
HOUGANG,6,146,720000,72,10
HOUGANG,6,145,610000,69,1
HOUGANG,6,145,620000,69,4
HOUGANG,6,146,713000,71,4
HOUGANG,6,148,616888,66,1
HOUGANG,6,137,583888,80,7
HOUGANG,6,150,685000,65,7
HOUGANG,6,148,638000,65,1
HOUGANG,3,69,255000,68,1
HOUGANG,3,73,262500,59,1
HOUGANG,3,67,285000,64,4
HOUGANG,3,74,290000,69,4
HOUGANG,3,69,290000,66,7
HOUGANG,3,67,318500,93,4
HOUGANG,3,73,338000,59,7
HOUGANG,4,82,318000,56,4
HOUGANG,4,90,350000,84,7
HOUGANG,4,92,350000,78,4
HOUGANG,4,102,360000,65,1
HOUGANG,4,90,360000,79,10
HOUGANG,4,104,393888,67,4
HOUGANG,4,104,400000,70,7
HOUGANG,4,100,400000,78,7
HOUGANG,4,106,400000,66,4
HOUGANG,4,108,400000,65,1
HOUGANG,4,103,410000,72,7
HOUGANG,4,101,410000,81,4
HOUGANG,4,113,425000,71,13
HOUGANG,5,126,430000,68,13
HOUGANG,5,117,430000,78,4
HOUGANG,5,110,435000,84,10
HOUGANG,5,110,445000,84,10
HOUGANG,5,116,448000,80,4
HOUGANG,5,120,465000,79,4
HOUGANG,5,121,473000,66,13
HOUGANG,5,131,475000,64,1
HOUGANG,5,120,478000,79,10
HOUGANG,5,121,485000,79,10
HOUGANG,5,120,485000,79,7
HOUGANG,5,121,495000,79,10
HOUGANG,5,121,519000,66,7
HOUGANG,5,131,550000,64,10
HOUGANG,5,123,550000,64,4
HOUGANG,5,124,568000,73,4
HOUGANG,5,118,600000,78,1
HOUGANG,5,124,640088,73,13
HOUGANG,5,133,738000,73,13
HOUGANG,6,142,625000,65,1
HOUGANG,6,147,630000,73,10
HOUGANG,6,143,650000,73,10
HOUGANG,6,147,715000,73,7
HOUGANG,6,154,722000,71,1
HOUGANG,6,145,750000,69,7
HOUGANG,6,141,790000,80,7
HOUGANG,6,137,815000,78,4
HOUGANG,6,177,1000000,78,13
HOUGANG,3,60,260000,68,7
HOUGANG,3,60,270000,66,4
HOUGANG,3,67,270000,65,4
HOUGANG,3,67,273888,62,7
HOUGANG,3,74,280000,68,4
HOUGANG,3,67,293000,64,1
HOUGANG,4,84,303000,67,1
HOUGANG,4,98,310000,67,1
HOUGANG,4,96,320000,66,1
HOUGANG,4,84,323000,66,1
HOUGANG,4,103,340000,73,4
HOUGANG,4,103,345000,69,4
HOUGANG,4,93,350000,63,7
HOUGANG,4,105,350000,71,1
HOUGANG,4,84,350000,68,10
HOUGANG,4,90,350000,80,13
HOUGANG,4,85,355000,84,7
HOUGANG,4,100,361000,78,4
HOUGANG,4,95,365000,63,4
HOUGANG,4,84,365000,67,10
HOUGANG,4,105,368000,68,1
HOUGANG,4,105,380000,70,1
HOUGANG,4,103,383000,73,4
HOUGANG,4,105,388000,70,4
HOUGANG,4,100,398000,79,16
HOUGANG,4,104,402000,66,4
HOUGANG,4,84,408000,67,7
HOUGANG,4,104,411500,66,4
HOUGANG,4,108,412000,65,10
HOUGANG,4,103,415000,68,7
HOUGANG,4,105,425000,70,1
HOUGANG,4,105,430000,71,10
HOUGANG,4,103,430000,73,1
HOUGANG,4,101,441000,79,1
HOUGANG,4,103,450000,73,4
HOUGANG,5,126,425000,67,13
HOUGANG,5,110,428000,84,10
HOUGANG,5,121,432000,64,1
HOUGANG,5,125,433000,66,10
HOUGANG,5,122,435000,67,1
HOUGANG,5,120,438000,68,1
HOUGANG,5,126,440000,65,10
HOUGANG,5,121,455000,79,4
HOUGANG,5,121,480000,66,10
HOUGANG,5,120,568000,80,7
HOUGANG,5,123,603000,78,10
HOUGANG,5,121,608000,80,7
HOUGANG,5,123,625000,78,7
HOUGANG,6,137,582888,80,4
HOUGANG,6,137,595000,80,4
HOUGANG,6,140,608000,78,13
HOUGANG,6,147,655000,73,10
HOUGANG,6,143,665000,73,7
HOUGANG,6,150,670000,65,1
HOUGANG,6,149,688000,70,10
HOUGANG,6,156,705000,67,1
HOUGANG,6,147,750000,73,4
HOUGANG,6,144,805000,73,4
HOUGANG,3,59,243000,56,4
HOUGANG,2,47,250000,93,13
HOUGANG,3,71,258000,65,4
HOUGANG,3,67,261000,62,7
HOUGANG,3,67,263000,64,1
HOUGANG,3,74,263000,68,1
HOUGANG,3,67,275000,65,7
HOUGANG,3,64,280000,69,7
HOUGANG,3,67,285000,62,10
HOUGANG,3,69,285000,66,7
HOUGANG,3,64,288000,67,4
HOUGANG,3,73,290000,59,1
HOUGANG,3,67,300000,62,10
HOUGANG,3,69,320000,66,10
HOUGANG,3,74,332000,68,7
HOUGANG,4,84,320000,66,4
HOUGANG,4,96,325000,62,10
HOUGANG,4,84,330000,67,1
HOUGANG,4,89,330000,66,1
HOUGANG,4,84,336000,68,7
HOUGANG,4,84,338000,67,7
HOUGANG,4,85,340000,85,1
HOUGANG,4,84,340000,67,1
HOUGANG,4,104,340000,67,1
HOUGANG,4,101,340000,79,1
HOUGANG,4,93,356000,64,10
HOUGANG,4,91,358000,66,1
HOUGANG,4,93,358000,65,10
HOUGANG,4,105,360000,71,1
HOUGANG,4,100,370000,80,7
HOUGANG,4,99,373000,65,7
HOUGANG,4,106,373000,73,7
HOUGANG,4,84,373500,67,10
HOUGANG,4,104,377000,68,7
HOUGANG,4,105,380000,71,4
HOUGANG,4,105,380000,68,4
HOUGANG,4,104,390000,70,4
HOUGANG,4,103,395000,78,1
HOUGANG,4,93,400000,95,10
HOUGANG,4,103,405000,70,4
HOUGANG,4,100,415000,78,13
HOUGANG,4,100,418000,80,4
HOUGANG,4,93,420000,95,16
HOUGANG,4,105,420000,73,1
HOUGANG,4,104,430000,66,4
HOUGANG,4,105,430338,72,7
HOUGANG,4,105,445000,73,1
HOUGANG,4,106,470000,73,7
HOUGANG,4,104,488000,65,10
HOUGANG,4,104,518000,65,7
HOUGANG,4,104,538000,65,10
HOUGANG,5,121,430000,78,1
HOUGANG,5,121,441000,68,4
HOUGANG,5,118,445000,77,4
HOUGANG,5,120,450000,68,7
HOUGANG,5,121,453000,68,7
HOUGANG,5,110,460000,85,10
HOUGANG,5,116,460000,80,4
HOUGANG,5,115,460000,80,7
HOUGANG,5,115,465000,80,10
HOUGANG,5,120,470000,79,7
HOUGANG,5,121,478000,64,4
HOUGANG,5,120,483000,79,10
HOUGANG,5,121,490000,80,4
HOUGANG,5,121,512000,65,13
HOUGANG,5,131,550000,70,13
HOUGANG,5,131,575000,70,7
HOUGANG,5,123,580000,80,4
HOUGANG,5,133,690000,64,1
HOUGANG,6,143,540000,73,1
HOUGANG,6,137,567500,80,10
HOUGANG,6,148,600000,67,10
HOUGANG,6,140,623000,78,13
HOUGANG,6,140,625000,78,7
HOUGANG,6,148,635000,72,1
HOUGANG,6,148,640000,73,1
HOUGANG,6,154,650000,67,7
HOUGANG,6,148,670000,67,10
HOUGANG,6,148,670000,66,1
HOUGANG,6,148,680000,73,10
HOUGANG,6,148,722000,65,7
HOUGANG,6,151,728000,67,7
HOUGANG,6,146,730000,65,7
HOUGANG,6,141,790000,81,16
HOUGANG,6,143,816000,78,1
HOUGANG,4,100,368000,78,4
HOUGANG,2,47,230000,93,10
HOUGANG,2,47,250000,93,13
HOUGANG,3,59,230000,56,10
HOUGANG,3,59,235000,56,7
HOUGANG,3,60,258000,67,10
HOUGANG,3,64,260000,69,1
HOUGANG,3,67,260000,65,4
HOUGANG,3,67,262000,62,1
HOUGANG,3,67,268000,65,7
HOUGANG,3,67,280000,63,4
HOUGANG,3,67,290000,63,4
HOUGANG,3,67,298000,64,4
HOUGANG,3,67,309000,63,4
HOUGANG,4,85,305000,84,1
HOUGANG,4,84,309000,66,4
HOUGANG,4,84,330000,66,4
HOUGANG,4,94,330000,63,1
HOUGANG,4,91,332000,66,1
HOUGANG,4,92,339998,78,4
HOUGANG,4,84,340000,66,4
HOUGANG,4,85,340000,68,13
HOUGANG,4,84,342000,67,7
HOUGANG,4,90,346000,84,1
HOUGANG,4,93,350000,65,4
HOUGANG,4,84,350000,68,1
HOUGANG,4,91,352000,65,13
HOUGANG,4,103,355000,73,4
HOUGANG,4,94,360000,78,10
HOUGANG,4,95,362000,62,1
HOUGANG,4,100,367000,78,1
HOUGANG,4,93,370000,66,10
HOUGANG,4,84,370000,67,10
HOUGANG,4,100,374000,79,7
HOUGANG,4,107,375000,68,7
HOUGANG,4,105,380000,73,4
HOUGANG,4,112,385000,73,7
HOUGANG,4,105,388000,72,4
HOUGANG,4,106,395000,66,4
HOUGANG,4,105,396000,71,7
HOUGANG,4,93,407000,95,10
HOUGANG,4,105,408000,65,13
HOUGANG,4,103,408000,65,4
HOUGANG,4,100,410000,78,13
HOUGANG,4,102,410000,78,7
HOUGANG,4,104,410000,65,7
HOUGANG,4,100,415000,79,7
HOUGANG,4,105,422000,71,10
HOUGANG,4,108,425000,65,7
HOUGANG,4,103,430000,67,10
HOUGANG,4,93,445000,95,13
HOUGANG,5,110,380000,84,1
HOUGANG,5,115,416000,80,4
HOUGANG,5,110,425000,84,10
HOUGANG,5,120,425000,66,1
HOUGANG,5,116,428000,80,10
HOUGANG,5,110,438000,84,16
HOUGANG,5,121,456000,66,1
HOUGANG,5,121,458000,65,7
HOUGANG,5,115,463000,80,10
HOUGANG,5,116,485000,80,7
HOUGANG,5,120,490000,79,10
HOUGANG,5,117,500000,78,16
HOUGANG,5,121,538000,68,7
HOUGANG,5,124,563000,73,4
HOUGANG,6,137,580000,80,10
HOUGANG,6,146,620000,71,1
HOUGANG,6,137,665000,80,4
HOUGANG,6,143,668000,73,13
HOUGANG,6,145,680000,69,4
HOUGANG,6,150,725000,67,7
HOUGANG,6,144,745000,80,1
HOUGANG,6,148,790000,71,4
HOUGANG,6,146,810000,73,10
HOUGANG,6,138,860000,77,13
HOUGANG,5,117,675000,78,10
HOUGANG,3,67,245000,66,4
HOUGANG,3,71,260000,65,1
HOUGANG,3,60,260000,66,10
HOUGANG,3,64,260000,70,1
HOUGANG,3,64,265000,66,7
HOUGANG,3,64,265000,69,7
HOUGANG,3,64,266000,67,4
HOUGANG,3,60,270000,66,10
HOUGANG,3,64,271000,67,7
HOUGANG,3,67,282500,93,1
HOUGANG,3,74,285000,67,7
HOUGANG,3,67,287000,62,7
HOUGANG,3,73,290000,59,10
HOUGANG,3,67,290000,63,7
HOUGANG,3,68,305000,95,7
HOUGANG,3,74,315000,68,10
HOUGANG,3,67,318000,93,7
HOUGANG,3,67,322000,63,7
HOUGANG,3,68,330000,95,7
HOUGANG,4,90,310000,84,1
HOUGANG,4,84,315000,67,1
HOUGANG,4,91,325000,66,10
HOUGANG,4,84,328000,67,1
HOUGANG,4,84,330000,66,4
HOUGANG,4,90,330000,66,10
HOUGANG,4,84,335000,68,1
HOUGANG,4,90,350000,78,7
HOUGANG,4,85,362000,84,13
HOUGANG,4,84,362000,68,7
HOUGANG,4,104,362000,67,1
HOUGANG,4,95,363000,80,10
HOUGANG,4,93,365000,67,7
HOUGANG,4,104,365000,67,7
HOUGANG,4,93,370000,64,10
HOUGANG,4,107,370000,73,7
HOUGANG,4,91,370000,66,1
HOUGANG,4,100,375000,79,4
HOUGANG,4,103,378000,78,7
HOUGANG,4,93,380000,95,1
HOUGANG,4,100,383000,79,13
HOUGANG,4,84,384000,67,4
HOUGANG,4,104,385000,64,7
HOUGANG,4,100,388000,78,10
HOUGANG,4,104,393800,64,10
HOUGANG,4,91,395000,66,1
HOUGANG,4,100,395000,77,16
HOUGANG,4,105,398000,71,7
HOUGANG,4,104,405000,65,7
HOUGANG,4,104,410000,73,10
HOUGANG,4,108,413000,65,4
HOUGANG,4,93,420000,95,10
HOUGANG,4,104,423000,73,1
HOUGANG,4,106,450000,73,4
HOUGANG,4,93,455000,95,16
HOUGANG,4,106,490000,73,16
HOUGANG,5,116,390000,80,1
HOUGANG,5,110,415000,84,10
HOUGANG,5,110,420000,84,7
HOUGANG,5,110,421888,84,7
HOUGANG,5,121,422000,65,4
HOUGANG,5,110,425000,84,10
HOUGANG,5,110,428000,84,7
HOUGANG,5,120,433000,68,7
HOUGANG,5,122,448000,67,13
HOUGANG,5,121,460000,64,10
HOUGANG,5,131,460000,73,4
HOUGANG,5,121,465000,64,4
HOUGANG,5,110,480000,84,7
HOUGANG,5,123,523000,70,7
HOUGANG,5,132,575000,65,4
HOUGANG,5,133,780000,73,10
HOUGANG,6,148,560000,68,1
HOUGANG,6,148,560888,65,1
HOUGANG,6,137,600000,80,13
HOUGANG,6,140,603000,78,4
HOUGANG,6,154,620000,66,1
HOUGANG,6,141,620000,79,4
HOUGANG,6,148,621888,66,1
HOUGANG,6,146,643000,72,4
HOUGANG,6,148,655000,65,1
HOUGANG,6,147,660000,73,10
HOUGANG,6,155,670000,67,4
HOUGANG,6,148,690000,71,10
HOUGANG,6,145,830000,68,10
HOUGANG,2,47,262000,93,13
HOUGANG,3,60,221688,66,7
HOUGANG,3,74,250000,65,10
HOUGANG,3,67,260000,63,1
HOUGANG,3,60,260000,66,4
HOUGANG,3,60,260000,67,10
HOUGANG,3,64,262000,70,1
HOUGANG,3,67,266000,63,1
HOUGANG,3,64,278000,67,4
HOUGANG,3,67,280000,62,7
HOUGANG,3,74,285000,68,10
HOUGANG,3,67,285000,63,4
HOUGANG,3,68,290000,95,1
HOUGANG,3,79,292000,62,1
HOUGANG,3,74,298000,64,7
HOUGANG,3,69,302000,66,4
HOUGANG,3,73,305000,58,7
HOUGANG,3,68,315000,95,4
HOUGANG,3,67,318000,93,7
HOUGANG,3,74,318000,68,10
HOUGANG,3,81,327000,62,10
HOUGANG,3,68,328000,95,10
HOUGANG,3,68,330000,95,4
HOUGANG,4,93,305000,63,1
HOUGANG,4,107,310000,73,7
HOUGANG,4,84,315000,67,1
HOUGANG,4,94,328000,78,7
HOUGANG,4,91,336888,67,7
HOUGANG,4,101,340000,79,4
HOUGANG,4,93,342000,78,10
HOUGANG,4,90,344000,84,1
HOUGANG,4,84,345000,68,10
HOUGANG,4,100,345000,79,1
HOUGANG,4,90,348000,78,7
HOUGANG,4,101,353000,79,4
HOUGANG,4,103,354000,73,1
HOUGANG,4,92,355000,78,7
HOUGANG,4,98,355000,67,7
HOUGANG,4,100,355000,79,1
HOUGANG,4,101,360000,80,7
HOUGANG,4,100,360000,79,13
HOUGANG,4,98,363000,78,7
HOUGANG,4,103,368000,79,1
HOUGANG,4,102,370000,73,1
HOUGANG,4,107,372000,68,1
HOUGANG,4,106,372000,66,1
HOUGANG,4,100,375000,79,4
HOUGANG,4,92,380000,78,4
HOUGANG,4,106,380000,73,1
HOUGANG,4,104,390000,73,1
HOUGANG,4,103,393000,64,4
HOUGANG,4,92,400000,78,7
HOUGANG,4,113,408000,72,4
HOUGANG,4,93,410000,95,13
HOUGANG,4,93,410000,95,7
HOUGANG,4,89,410000,67,4
HOUGANG,4,106,423000,65,4
HOUGANG,4,91,424000,66,4
HOUGANG,4,93,433000,95,13
HOUGANG,4,104,435000,73,10
HOUGANG,4,104,448000,66,10
HOUGANG,4,92,455000,95,16
HOUGANG,4,101,455000,80,4
HOUGANG,4,110,465000,70,7
HOUGANG,4,110,498000,70,7
HOUGANG,5,110,415000,84,4
HOUGANG,5,122,425500,67,1
HOUGANG,5,121,428000,65,7
HOUGANG,5,123,440000,73,1
HOUGANG,5,110,449000,84,13
HOUGANG,5,120,478888,79,10
HOUGANG,5,131,483000,64,1
HOUGANG,5,120,488000,79,7
HOUGANG,5,121,488000,79,4
HOUGANG,5,123,490000,78,7
HOUGANG,5,121,518888,71,13
HOUGANG,5,122,520000,67,7
HOUGANG,5,121,550000,66,7
HOUGANG,5,144,660000,63,1
HOUGANG,6,137,555000,80,13
HOUGANG,6,137,580000,80,1
HOUGANG,6,147,620000,69,1
HOUGANG,6,150,635000,65,10
HOUGANG,6,148,640000,67,4
HOUGANG,6,144,665000,68,1
HOUGANG,6,148,675000,67,10
HOUGANG,6,147,710000,73,4
HOUGANG,6,147,723000,73,4
HOUGANG,6,155,760000,65,1
HOUGANG,6,148,890000,73,4
HOUGANG,2,47,233000,92,4
HOUGANG,3,59,235000,56,7
HOUGANG,3,66,255000,62,7
HOUGANG,3,73,255000,58,1
HOUGANG,3,64,255000,66,1
HOUGANG,3,74,255000,68,1
HOUGANG,3,71,258000,56,1
HOUGANG,3,67,258000,65,4
HOUGANG,3,67,265000,63,1
HOUGANG,3,67,270000,63,4
HOUGANG,3,60,270000,68,4
HOUGANG,3,67,271000,58,10
HOUGANG,3,73,285000,58,7
HOUGANG,3,67,288000,65,10
HOUGANG,3,69,295000,68,13
HOUGANG,3,67,295500,64,4
HOUGANG,3,79,298000,62,13
HOUGANG,3,67,298000,64,4
HOUGANG,3,68,310000,95,4
HOUGANG,3,82,310000,67,10
HOUGANG,3,80,313000,63,10
HOUGANG,3,74,318000,67,4
HOUGANG,3,68,325000,95,7
HOUGANG,3,82,333000,63,7
HOUGANG,4,85,300000,83,1
HOUGANG,4,93,300000,66,1
HOUGANG,4,94,315888,66,4
HOUGANG,4,91,325000,66,1
HOUGANG,4,93,328000,78,1
HOUGANG,4,82,330000,56,10
HOUGANG,4,100,335000,80,1
HOUGANG,4,95,335000,80,1
HOUGANG,4,82,339000,56,10
HOUGANG,4,84,343000,68,4
HOUGANG,4,90,350000,83,4
HOUGANG,4,95,350000,66,7
HOUGANG,4,93,350000,63,7
HOUGANG,4,104,350000,63,1
HOUGANG,4,103,358000,73,7
HOUGANG,4,103,358000,73,4
HOUGANG,4,93,360888,65,7
HOUGANG,4,104,361388,73,4
HOUGANG,4,85,362888,84,13
HOUGANG,4,103,365000,65,4
HOUGANG,4,94,368000,70,7
HOUGANG,4,93,370000,66,10
HOUGANG,4,108,370000,71,1
HOUGANG,4,102,370000,73,4
HOUGANG,4,101,370000,77,1
HOUGANG,4,100,370000,79,4
HOUGANG,4,104,375000,67,1
HOUGANG,4,100,375000,78,7
HOUGANG,4,101,378000,80,7
HOUGANG,4,92,380000,58,1
HOUGANG,4,103,380000,68,10
HOUGANG,4,111,380000,73,1
HOUGANG,4,99,380000,78,13
HOUGANG,4,100,380000,79,4
HOUGANG,4,85,380000,84,13
HOUGANG,4,100,385000,79,10
HOUGANG,4,100,385000,79,13
HOUGANG,4,104,393000,68,7
HOUGANG,4,93,395000,95,7
HOUGANG,4,111,398000,63,1
HOUGANG,4,93,400000,95,4
HOUGANG,4,103,405000,73,4
HOUGANG,4,104,408000,63,13
HOUGANG,4,93,410000,66,4
HOUGANG,4,105,415000,70,1
HOUGANG,4,98,415000,77,13
HOUGANG,4,93,418000,95,7
HOUGANG,4,107,420000,73,7
HOUGANG,4,111,420000,73,10
HOUGANG,4,103,420000,73,10
HOUGANG,4,103,430000,70,7
HOUGANG,4,103,435000,70,4
HOUGANG,4,93,438000,95,10
HOUGANG,4,93,438000,95,7
HOUGANG,4,103,450888,70,7
HOUGANG,4,113,458000,70,10
HOUGANG,4,93,460000,95,4
HOUGANG,4,118,484800,70,7
HOUGANG,4,103,600000,73,13
HOUGANG,5,127,380000,64,7
HOUGANG,5,110,390000,83,1
HOUGANG,5,116,400000,80,1
HOUGANG,5,110,415000,83,4
HOUGANG,5,121,435000,78,10
HOUGANG,5,120,435000,78,1
HOUGANG,5,126,438000,66,7
HOUGANG,5,115,439000,80,13
HOUGANG,5,120,440000,68,10
HOUGANG,5,121,448000,79,4
HOUGANG,5,120,448000,79,1
HOUGANG,5,110,450000,84,13
HOUGANG,5,116,455000,80,10
HOUGANG,5,110,458000,84,16
HOUGANG,5,124,459888,78,4
HOUGANG,5,121,463888,63,7
HOUGANG,5,117,468000,77,13
HOUGANG,5,121,476000,65,1
HOUGANG,5,121,480000,68,1
HOUGANG,5,121,480000,79,7
HOUGANG,5,121,480000,79,7
HOUGANG,5,122,490000,67,13
HOUGANG,5,120,495000,79,7
HOUGANG,5,121,500000,67,10
HOUGANG,5,121,505888,79,10
HOUGANG,5,121,508000,79,10
HOUGANG,5,123,512000,78,13
HOUGANG,5,120,515000,79,1
HOUGANG,5,123,518000,78,4
HOUGANG,5,123,518000,70,10
HOUGANG,5,121,522800,70,7
HOUGANG,5,121,540000,68,1
HOUGANG,5,123,550000,78,4
HOUGANG,5,123,555000,78,10
HOUGANG,5,120,580000,78,13
HOUGANG,5,124,580000,73,4
HOUGANG,5,122,590000,73,10
HOUGANG,5,131,595000,70,13
HOUGANG,5,121,598000,66,10
HOUGANG,5,123,618000,80,1
HOUGANG,5,125,650000,66,7
HOUGANG,5,141,670000,64,1
HOUGANG,5,123,692000,73,10
HOUGANG,5,144,720000,64,1
HOUGANG,5,126,763000,73,16
HOUGANG,6,139,615000,78,10
HOUGANG,6,150,616000,65,4
HOUGANG,6,148,620000,67,7
HOUGANG,6,145,635000,68,1
HOUGANG,6,146,635000,67,1
HOUGANG,6,147,658000,73,1
HOUGANG,6,154,660000,68,10
HOUGANG,6,142,670000,78,13
HOUGANG,6,151,688000,68,1
HOUGANG,6,146,688000,65,10
HOUGANG,6,146,690000,70,1
HOUGANG,6,146,700000,70,1
HOUGANG,6,150,715000,73,10
HOUGANG,6,147,720000,73,4
HOUGANG,6,153,725000,67,4
HOUGANG,6,148,750000,73,10
HOUGANG,6,157,800000,64,1
HOUGANG,6,136,830000,77,10
HOUGANG,6,135,845000,77,13
HOUGANG,6,148,845000,66,7
HOUGANG,3,70,280000,67,1
HOUGANG,3,68,322000,95,10
HOUGANG,3,67,240000,64,1
HOUGANG,3,66,336000,94,10
HOUGANG,3,80,328888,63,4
HOUGANG,3,88,310000,58,7
HOUGANG,3,74,288000,69,1
HOUGANG,3,67,280000,63,4
HOUGANG,3,60,270000,66,13
HOUGANG,3,64,260000,70,4
HOUGANG,3,74,326000,67,4
HOUGANG,3,64,272800,67,1
HOUGANG,3,60,230000,68,1
HOUGANG,3,64,260000,66,10
HOUGANG,3,74,305000,68,1
HOUGANG,3,74,305000,68,10
HOUGANG,4,85,325000,83,1
HOUGANG,4,93,400000,95,16
HOUGANG,4,93,450000,95,16
HOUGANG,4,110,403000,65,1
HOUGANG,4,91,357000,62,1
HOUGANG,4,104,520000,65,7
HOUGANG,4,103,423000,67,10
HOUGANG,4,91,395000,66,1
HOUGANG,4,108,420000,70,7
HOUGANG,4,105,362000,70,1
HOUGANG,4,84,331000,67,7
HOUGANG,4,84,378000,67,4
HOUGANG,4,93,298800,65,10
HOUGANG,4,104,438000,66,10
HOUGANG,4,104,388000,63,4
HOUGANG,4,103,410000,68,7
HOUGANG,4,105,382000,67,1
HOUGANG,4,84,300000,67,4
HOUGANG,4,84,325000,66,4
HOUGANG,4,105,390000,69,1
HOUGANG,4,104,352000,67,4
HOUGANG,4,104,360000,67,4
HOUGANG,4,84,325000,68,1
HOUGANG,4,100,390000,79,13
HOUGANG,4,110,480000,73,13
HOUGANG,4,101,465000,78,4
HOUGANG,4,100,390000,78,7
HOUGANG,4,103,375000,73,4
HOUGANG,4,103,380000,73,4
HOUGANG,4,104,390000,73,7
HOUGANG,4,104,370000,67,4
HOUGANG,4,103,350000,78,1
HOUGANG,4,101,345000,80,1
HOUGANG,4,100,320000,80,1
HOUGANG,4,102,430000,78,10
HOUGANG,4,100,337000,79,1
HOUGANG,4,108,428000,65,7
HOUGANG,4,113,435000,65,10
HOUGANG,4,103,392000,65,10
HOUGANG,4,113,440000,65,7
HOUGANG,5,110,450000,84,10
HOUGANG,5,120,385000,66,1
HOUGANG,5,125,435000,65,1
HOUGANG,5,134,565000,64,10
HOUGANG,5,135,550000,63,7
HOUGANG,5,125,585000,73,7
HOUGANG,5,121,550000,68,7
HOUGANG,5,132,610000,70,4
HOUGANG,5,123,570000,70,4
HOUGANG,5,122,568000,73,4
HOUGANG,5,123,499000,70,10
HOUGANG,5,120,430000,68,10
HOUGANG,5,116,420000,80,4
HOUGANG,5,116,693888,77,7
HOUGANG,5,142,816800,65,10
HOUGANG,5,117,469888,77,4
HOUGANG,5,120,480000,79,13
HOUGANG,5,116,450000,80,10
HOUGANG,5,120,475000,78,13
HOUGANG,5,131,505000,65,1
HOUGANG,5,122,575000,73,7
HOUGANG,6,150,675000,71,1
HOUGANG,6,146,705000,71,10
HOUGANG,6,147,698000,67,1
HOUGANG,6,140,580000,78,4
HOUGANG,6,139,655000,78,13
HOUGANG,6,154,830000,69,7
HOUGANG,6,145,730000,68,10
HOUGANG,6,150,580000,65,4
HOUGANG,6,148,630000,72,1
HOUGANG,6,146,700000,72,10
HOUGANG,6,147,649000,68,1
HOUGANG,6,138,833000,77,10
HOUGANG,6,148,908000,73,7
HOUGANG,6,141,797000,80,13
HOUGANG,6,154,715000,73,7
HOUGANG,6,143,630000,73,4
HOUGANG,6,143,645000,73,10
HOUGANG,6,143,610000,73,13
HOUGANG,6,151,648888,64,10
HOUGANG,3,68,338000,95,16
HOUGANG,3,81,292000,63,1
HOUGANG,3,67,250000,62,4
HOUGANG,3,67,283000,62,10
HOUGANG,3,67,278000,63,4
HOUGANG,3,67,255000,61,7
HOUGANG,3,67,290000,66,7
HOUGANG,3,67,298000,66,4
HOUGANG,3,73,268000,58,1
HOUGANG,3,67,285000,64,4
HOUGANG,3,67,283000,64,7
HOUGANG,3,67,295000,63,4
HOUGANG,3,67,302000,63,10
HOUGANG,3,72,290000,63,1
HOUGANG,3,74,297000,67,4
HOUGANG,3,74,320000,67,4
HOUGANG,3,60,240000,66,4
HOUGANG,3,64,280000,66,4
HOUGANG,3,64,255000,67,7
HOUGANG,3,64,262000,66,4
HOUGANG,3,67,275000,65,7
HOUGANG,3,67,270000,65,4
HOUGANG,3,74,260000,65,10
HOUGANG,3,74,282000,65,7
HOUGANG,4,90,345000,83,4
HOUGANG,4,93,405000,95,13
HOUGANG,4,93,420000,95,7
HOUGANG,4,93,455000,95,13
HOUGANG,4,93,440000,95,13
HOUGANG,4,93,350000,63,4
HOUGANG,4,103,442000,66,4
HOUGANG,4,104,415000,73,7
HOUGANG,4,98,348888,67,4
HOUGANG,4,93,353000,65,7
HOUGANG,4,98,388000,65,10
HOUGANG,4,92,305000,58,1
HOUGANG,4,104,415000,66,4
HOUGANG,4,101,370000,78,7
HOUGANG,4,104,390000,78,1
HOUGANG,4,93,380000,63,10
HOUGANG,4,104,368000,63,7
HOUGANG,4,92,338000,63,1
HOUGANG,4,105,380000,68,1
HOUGANG,4,105,475000,70,7
HOUGANG,4,84,375000,68,7
HOUGANG,4,91,330000,66,4
HOUGANG,4,93,320000,65,4
HOUGANG,4,89,335000,66,4
HOUGANG,4,105,355000,70,1
HOUGANG,4,103,385000,72,4
HOUGANG,4,84,360000,66,10
HOUGANG,4,107,388888,68,10
HOUGANG,4,84,326888,67,1
HOUGANG,4,105,399000,68,10
HOUGANG,4,104,423000,67,7
HOUGANG,4,100,405000,78,7
HOUGANG,4,100,525000,77,10
HOUGANG,4,102,426000,73,1
HOUGANG,4,109,410000,65,10
HOUGANG,4,108,398000,65,4
HOUGANG,4,103,415000,80,1
HOUGANG,4,103,375000,73,1
HOUGANG,4,100,320000,79,1
HOUGANG,4,90,409000,78,7
HOUGANG,4,90,360000,78,4
HOUGANG,4,101,405000,78,10
HOUGANG,5,110,390000,83,1
HOUGANG,5,110,410000,83,4
HOUGANG,5,110,426000,84,10
HOUGANG,5,133,660000,63,1
HOUGANG,5,126,430000,66,4
HOUGANG,5,123,415000,78,1
HOUGANG,5,127,530000,64,7
HOUGANG,5,125,466000,64,4
HOUGANG,5,123,425000,69,1
HOUGANG,5,122,520000,66,10
HOUGANG,5,120,438000,67,4
HOUGANG,5,121,495000,79,10
HOUGANG,5,116,470000,79,4
HOUGANG,5,117,590000,77,1
HOUGANG,5,123,548000,78,1
HOUGANG,5,118,450000,77,13
HOUGANG,5,120,492000,79,10
HOUGANG,5,121,492000,79,7
HOUGANG,5,125,600000,79,16
HOUGANG,5,116,410000,79,1
HOUGANG,5,123,450000,78,4
HOUGANG,6,148,760000,67,7
HOUGANG,6,148,668000,66,7
HOUGANG,6,154,602888,66,1
HOUGANG,6,154,720000,66,4
HOUGANG,6,145,723888,68,4
HOUGANG,6,148,799000,69,16
HOUGANG,6,155,650000,66,1
HOUGANG,6,154,665000,66,1
HOUGANG,6,148,668000,66,4
HOUGANG,6,137,545000,80,1
HOUGANG,6,137,620000,80,10
HOUGANG,6,137,615000,79,10
HOUGANG,6,137,630000,79,13
HOUGANG,6,138,808000,77,1
HOUGANG,6,158,768000,73,7
HOUGANG,6,143,748000,72,13
HOUGANG,6,143,668000,72,10
HOUGANG,6,141,700000,79,16
HOUGANG,6,137,628000,79,4
HOUGANG,6,137,628000,80,10
HOUGANG,6,141,580000,78,1
HOUGANG,6,146,816000,65,10
HOUGANG,6,146,655000,65,4
HOUGANG,5,121,610000,66,10
HOUGANG,2,47,242000,92,7
HOUGANG,3,67,310000,92,4
HOUGANG,3,68,310000,95,4
HOUGANG,3,81,328000,64,1
HOUGANG,3,67,320000,62,4
HOUGANG,3,67,316000,65,4
HOUGANG,3,59,215000,55,4
HOUGANG,3,73,275000,58,10
HOUGANG,3,67,285000,64,10
HOUGANG,3,67,292500,64,4
HOUGANG,3,67,296000,63,4
HOUGANG,3,68,275000,63,4
HOUGANG,3,74,346000,67,7
HOUGANG,3,69,255000,65,1
HOUGANG,3,60,250000,65,10
HOUGANG,3,69,300000,67,7
HOUGANG,3,74,330000,67,1
HOUGANG,4,85,350000,83,13
HOUGANG,4,90,335000,83,4
HOUGANG,4,90,340000,83,7
HOUGANG,4,93,452000,95,7
HOUGANG,4,93,460000,95,13
HOUGANG,4,93,455000,95,10
HOUGANG,4,93,420888,95,7
HOUGANG,4,93,425000,95,10
HOUGANG,4,93,428000,95,7
HOUGANG,4,102,398000,64,7
HOUGANG,4,84,330000,66,1
HOUGANG,4,113,450000,69,4
HOUGANG,4,110,433000,72,7
HOUGANG,4,93,360000,63,7
HOUGANG,4,104,410000,63,10
HOUGANG,4,105,438000,67,10
HOUGANG,4,84,380000,68,7
HOUGANG,4,104,350000,63,7
HOUGANG,4,105,405000,68,10
HOUGANG,4,105,365000,68,4
HOUGANG,4,104,395000,68,7
HOUGANG,4,84,335000,67,4
HOUGANG,4,103,366000,73,1
HOUGANG,4,104,410000,70,10
HOUGANG,4,103,398000,71,4
HOUGANG,4,104,380000,70,4
HOUGANG,4,100,380000,78,4
HOUGANG,4,100,418000,78,13
HOUGANG,4,100,530000,77,4
HOUGANG,4,104,430000,72,7
HOUGANG,4,100,475000,78,13
HOUGANG,4,91,388000,64,10
HOUGANG,4,101,450000,80,4
HOUGANG,4,98,430000,77,7
HOUGANG,4,100,414000,77,10
HOUGANG,4,99,410000,77,13
HOUGANG,4,104,410000,73,16
HOUGANG,4,103,402000,73,10
HOUGANG,4,101,345000,77,1
HOUGANG,4,103,343000,72,1
HOUGANG,4,100,396000,79,10
HOUGANG,4,100,412888,79,7
HOUGANG,4,100,420000,79,13
HOUGANG,4,100,423000,79,13
HOUGANG,4,101,375000,80,4
HOUGANG,4,100,378000,78,10
HOUGANG,4,101,385000,80,4
HOUGANG,4,106,445000,65,10
HOUGANG,5,110,440000,83,4
HOUGANG,5,110,450000,84,10
HOUGANG,5,110,425000,84,7
HOUGANG,5,123,540000,78,10
HOUGANG,5,120,465000,66,7
HOUGANG,5,121,580000,66,10
HOUGANG,5,123,650000,73,7
HOUGANG,5,121,415000,63,1
HOUGANG,5,122,528000,70,4
HOUGANG,5,123,420000,66,4
HOUGANG,5,121,463000,66,10
HOUGANG,5,125,495000,63,7
HOUGANG,5,120,455000,67,1
HOUGANG,5,121,440000,79,7
HOUGANG,5,120,445000,78,7
HOUGANG,5,120,453000,78,4
HOUGANG,5,122,550000,73,1
HOUGANG,5,142,740000,64,10
HOUGANG,5,121,428000,65,10
HOUGANG,5,123,440000,65,13
HOUGANG,5,121,680000,80,13
HOUGANG,5,121,435000,77,1
HOUGANG,5,121,470000,78,4
HOUGANG,5,121,500000,78,4
HOUGANG,5,120,505000,78,7
HOUGANG,6,145,686000,68,10
HOUGANG,6,150,636000,65,4
HOUGANG,6,149,680000,66,10
HOUGANG,6,147,595000,66,4
HOUGANG,6,148,630000,67,1
HOUGANG,6,143,760000,77,1
HOUGANG,6,153,730000,72,1
HOUGANG,6,146,660000,65,1
HOUGANG,4,101,360000,79,4
HOUGANG,3,67,308000,92,1
HOUGANG,3,67,250000,62,1
HOUGANG,3,64,280000,66,10
HOUGANG,3,68,255000,65,7
HOUGANG,3,73,306000,58,7
HOUGANG,3,71,272000,65,1
HOUGANG,3,71,237000,64,1
HOUGANG,3,73,285000,58,10
HOUGANG,3,67,290000,63,7
HOUGANG,3,67,283000,63,7
HOUGANG,3,74,305000,63,1
HOUGANG,3,68,280000,63,7
HOUGANG,3,64,252000,66,7
HOUGANG,3,64,290000,67,7
HOUGANG,3,68,315000,65,1
HOUGANG,3,67,275000,64,7
HOUGANG,3,67,276000,64,1
HOUGANG,3,64,270000,68,1
HOUGANG,4,85,310000,83,4
HOUGANG,4,93,463000,95,16
HOUGANG,4,93,450000,95,10
HOUGANG,4,93,420000,95,7
HOUGANG,4,93,415000,95,4
HOUGANG,4,85,370000,84,13
HOUGANG,4,102,395000,64,10
HOUGANG,4,103,420000,66,7
HOUGANG,4,91,410000,65,7
HOUGANG,4,91,348000,65,4
HOUGANG,4,91,340000,66,4
HOUGANG,4,91,320000,64,10
HOUGANG,4,93,355000,64,4
HOUGANG,4,104,405000,63,7
HOUGANG,4,84,345000,68,1
HOUGANG,4,105,482000,67,7
HOUGANG,4,84,385000,68,10
HOUGANG,4,90,368000,67,7
HOUGANG,4,84,310000,66,1
HOUGANG,4,104,372000,70,1
HOUGANG,4,84,331000,68,7
HOUGANG,4,84,345888,69,4
HOUGANG,4,103,360000,67,4
HOUGANG,4,100,400000,78,7
HOUGANG,4,101,480000,78,10
HOUGANG,4,105,540000,72,4
HOUGANG,4,98,411500,77,7
HOUGANG,4,104,365000,72,1
HOUGANG,4,104,390000,72,7
HOUGANG,4,84,330000,67,7
HOUGANG,4,94,360000,78,10
HOUGANG,4,103,400000,64,10
HOUGANG,5,110,435000,83,13
HOUGANG,5,110,388000,83,1
HOUGANG,5,110,398000,84,10
HOUGANG,5,110,436000,84,10
HOUGANG,5,140,778000,65,10
HOUGANG,5,120,430000,66,4
HOUGANG,5,126,456888,65,4
HOUGANG,5,126,425000,66,10
HOUGANG,5,133,730000,63,1
HOUGANG,5,137,670000,63,1
HOUGANG,5,121,455000,63,4
HOUGANG,5,127,475000,65,10
HOUGANG,5,122,515000,69,1
HOUGANG,5,120,665000,80,13
HOUGANG,5,117,440000,77,4
HOUGANG,5,121,515000,79,13
HOUGANG,5,120,528000,78,13
HOUGANG,5,126,628000,72,10
HOUGANG,6,144,810000,72,10
HOUGANG,6,145,680000,68,1
HOUGANG,6,148,628888,66,1
HOUGANG,6,148,666000,67,4
HOUGANG,6,146,650000,71,4
HOUGANG,6,137,600000,79,7
HOUGANG,6,137,850000,77,7
HOUGANG,6,148,658000,72,10
HOUGANG,6,144,605000,72,1
HOUGANG,6,147,675000,72,10
HOUGANG,6,147,650000,72,4
HOUGANG,6,137,630000,80,7
HOUGANG,2,47,233000,92,13
HOUGANG,3,67,270000,61,10
HOUGANG,3,80,326000,63,4
HOUGANG,3,67,248000,61,4
HOUGANG,3,59,208000,55,1
HOUGANG,3,67,285000,63,7
HOUGANG,3,67,297000,62,10
HOUGANG,3,64,282000,68,10
HOUGANG,3,60,238000,67,7
HOUGANG,3,60,260000,68,10
HOUGANG,3,60,220000,67,1
HOUGANG,3,60,260000,65,4
HOUGANG,3,60,255000,68,4
HOUGANG,3,74,265000,67,1
HOUGANG,3,67,265000,64,10
HOUGANG,4,93,460000,95,7
HOUGANG,4,93,478000,95,19
HOUGANG,4,93,460000,95,16
HOUGANG,4,91,350000,62,1
HOUGANG,4,101,375000,77,4
HOUGANG,4,113,425000,70,4
HOUGANG,4,84,380000,67,10
HOUGANG,4,84,310000,65,4
HOUGANG,4,98,373888,63,10
HOUGANG,4,91,385000,73,4
HOUGANG,4,84,350000,67,1
HOUGANG,4,97,375000,63,7
HOUGANG,4,84,350000,66,10
HOUGANG,4,103,396000,67,4
HOUGANG,4,84,345000,67,4
HOUGANG,4,84,333000,68,10
HOUGANG,4,84,315000,67,1
HOUGANG,4,84,333000,66,4
HOUGANG,4,109,465000,72,10
HOUGANG,4,113,440000,69,4
HOUGANG,4,91,368000,64,7
HOUGANG,4,101,448000,78,4
HOUGANG,4,100,445000,78,13
HOUGANG,4,84,308000,67,1
HOUGANG,4,100,376000,78,7
HOUGANG,4,108,415000,64,1
HOUGANG,4,113,462000,65,7
HOUGANG,4,104,420000,65,10
HOUGANG,5,110,460000,84,13
HOUGANG,5,120,448000,55,7
HOUGANG,5,120,465000,67,16
HOUGANG,5,121,538000,65,7
HOUGANG,5,118,498000,77,10
HOUGANG,5,122,453880,72,1
HOUGANG,5,120,530000,79,16
HOUGANG,5,121,520000,79,10
HOUGANG,5,138,628000,65,1
HOUGANG,5,124,600000,72,7
HOUGANG,6,150,803000,66,10
HOUGANG,6,140,612000,77,10
HOUGANG,6,146,685188,71,10
HOUGANG,6,149,632000,72,1
HOUGANG,6,147,660000,72,10
HOUGANG,6,142,680000,78,10
HOUGANG,3,68,340000,95,16
HOUGANG,3,68,335000,95,13
HOUGANG,3,67,276800,61,7
HOUGANG,3,66,288000,62,4
HOUGANG,3,67,280000,63,10
HOUGANG,3,74,300000,62,4
HOUGANG,3,70,260000,62,4
HOUGANG,3,64,283000,66,7
HOUGANG,3,73,240000,65,1
HOUGANG,3,73,290000,58,1
HOUGANG,3,67,258000,58,13
HOUGANG,3,73,260000,58,1
HOUGANG,3,74,280000,67,10
HOUGANG,3,83,353000,63,10
HOUGANG,3,67,245000,63,1
HOUGANG,3,74,278000,65,7
HOUGANG,4,85,340000,83,10
HOUGANG,4,90,340000,83,4
HOUGANG,4,93,405000,95,1
HOUGANG,4,85,360000,84,16
HOUGANG,4,100,400000,77,10
HOUGANG,4,101,391000,77,7
HOUGANG,4,104,388000,67,10
HOUGANG,4,84,325000,65,10
HOUGANG,4,105,380000,63,4
HOUGANG,4,104,398000,63,10
HOUGANG,4,91,350880,65,4
HOUGANG,4,104,371000,66,4
HOUGANG,4,84,335000,68,10
HOUGANG,4,84,325000,66,4
HOUGANG,4,105,400000,69,4
HOUGANG,4,90,370000,66,4
HOUGANG,4,84,340000,66,4
HOUGANG,4,100,352000,79,4
HOUGANG,4,106,430000,72,4
HOUGANG,4,92,348000,64,4
HOUGANG,4,101,415000,79,4
HOUGANG,4,84,323000,67,4
HOUGANG,4,84,330000,67,10
HOUGANG,5,110,402000,83,4
HOUGANG,5,110,408000,83,7
HOUGANG,5,133,550000,63,7
HOUGANG,5,127,465000,65,7
HOUGANG,5,121,522000,67,4
HOUGANG,5,121,525000,64,7
HOUGANG,5,120,490000,78,13
HOUGANG,5,120,495000,78,4
HOUGANG,5,115,400000,79,1
HOUGANG,5,121,535000,78,13
HOUGANG,6,150,770000,66,10
HOUGANG,6,140,668000,67,10
HOUGANG,6,147,740000,72,4
HOUGANG,6,148,665000,64,7
HOUGANG,3,67,260000,62,4
HOUGANG,3,64,255000,66,4
HOUGANG,3,67,268000,65,1
HOUGANG,3,71,275000,65,7
HOUGANG,3,59,210000,55,7
HOUGANG,3,73,288000,58,10
HOUGANG,3,73,285000,58,7
HOUGANG,3,73,295000,58,10
HOUGANG,3,67,296000,63,10
HOUGANG,3,70,268000,67,1
HOUGANG,3,64,290000,68,10
HOUGANG,3,64,240000,66,1
HOUGANG,3,74,245000,64,1
HOUGANG,4,93,452888,95,10
HOUGANG,4,85,365000,84,10
HOUGANG,4,101,383888,77,13
HOUGANG,4,104,480000,64,4
HOUGANG,4,104,445000,66,4
HOUGANG,4,93,350000,65,7
HOUGANG,4,100,388000,77,7
HOUGANG,4,84,329000,66,7
HOUGANG,4,105,370000,63,1
HOUGANG,4,84,325000,67,13
HOUGANG,4,109,368000,72,7
HOUGANG,4,104,370108,65,1
HOUGANG,4,103,360000,66,1
HOUGANG,4,89,320000,65,1
HOUGANG,4,104,360000,66,1
HOUGANG,4,84,335000,66,4
HOUGANG,4,105,430000,70,7
HOUGANG,4,101,405000,79,4
HOUGANG,4,106,428000,72,1
HOUGANG,4,98,388000,77,4
HOUGANG,4,100,368888,77,10
HOUGANG,4,89,310000,66,1
HOUGANG,4,84,325000,67,1
HOUGANG,4,104,390000,65,4
HOUGANG,5,110,420000,83,4
HOUGANG,5,131,565000,64,4
HOUGANG,5,121,550000,66,4
HOUGANG,5,121,581000,66,7
HOUGANG,5,121,458000,65,7
HOUGANG,5,120,448000,67,7
HOUGANG,5,142,752000,64,7
HOUGANG,5,136,410000,64,4
HOUGANG,5,120,488000,79,7
HOUGANG,5,128,570000,66,1
HOUGANG,6,149,745000,69,4
HOUGANG,6,145,745000,67,4
HOUGANG,6,154,590000,67,1
HOUGANG,6,148,685000,66,4
HOUGANG,6,141,703500,79,10
HOUGANG,3,68,325000,95,16
HOUGANG,3,68,315000,94,4
HOUGANG,3,67,275000,63,7
HOUGANG,3,66,335000,93,7
HOUGANG,3,71,291000,65,1
HOUGANG,3,67,260000,64,4
HOUGANG,3,67,260000,64,4
HOUGANG,3,73,280000,58,1
HOUGANG,3,74,268000,67,7
HOUGANG,3,74,250000,67,1
HOUGANG,3,74,308000,63,7
HOUGANG,3,67,288000,63,10
HOUGANG,3,60,243000,66,7
HOUGANG,3,69,265888,65,4
HOUGANG,3,60,245000,65,4
HOUGANG,3,69,299000,68,13
HOUGANG,3,70,268000,66,1
HOUGANG,3,64,258000,69,1
HOUGANG,3,92,360000,63,1
HOUGANG,4,90,365000,83,13
HOUGANG,4,85,339000,84,1
HOUGANG,4,93,395000,95,1
HOUGANG,4,93,428000,94,10
HOUGANG,4,93,460000,94,13
HOUGANG,4,93,440000,94,7
HOUGANG,4,93,408000,94,4
HOUGANG,4,93,485000,94,19
HOUGANG,4,92,360000,77,7
HOUGANG,4,100,380000,77,10
HOUGANG,4,93,355000,63,4
HOUGANG,4,107,350000,72,4
HOUGANG,4,105,465000,72,4
HOUGANG,4,113,465000,69,13
HOUGANG,4,104,413000,66,10
HOUGANG,4,103,392000,69,4
HOUGANG,4,94,350000,66,7
HOUGANG,4,93,318000,66,1
HOUGANG,4,98,288000,58,10
HOUGANG,4,84,340000,65,4
HOUGANG,4,100,432000,77,13
HOUGANG,4,93,335000,63,4
HOUGANG,4,96,363800,63,7
HOUGANG,4,104,425000,63,7
HOUGANG,4,91,333000,65,1
HOUGANG,4,93,328000,64,4
HOUGANG,4,105,380000,70,1
HOUGANG,4,105,410000,70,7
HOUGANG,4,84,335000,65,10
HOUGANG,4,84,340000,67,7
HOUGANG,4,104,345000,67,1
HOUGANG,4,84,350000,67,7
HOUGANG,4,84,340000,67,4
HOUGANG,4,105,480000,72,16
HOUGANG,4,84,315000,67,4
HOUGANG,4,104,465888,72,10
HOUGANG,4,91,378000,64,10
HOUGANG,4,103,370000,72,7
HOUGANG,4,101,395000,78,10
HOUGANG,4,108,405000,64,7
HOUGANG,4,92,430000,95,4
HOUGANG,4,92,476000,95,7
HOUGANG,4,92,500000,95,13
HOUGANG,5,110,365000,83,1
HOUGANG,5,110,388000,83,1
HOUGANG,5,121,535000,67,7
HOUGANG,5,123,470000,72,4
HOUGANG,5,121,498000,66,1
HOUGANG,5,122,460000,68,1
HOUGANG,5,121,499000,79,10
HOUGANG,5,121,472000,79,10
HOUGANG,5,121,414000,79,1
HOUGANG,5,125,545000,64,7
HOUGANG,5,121,436000,64,4
HOUGANG,5,120,630000,79,10
HOUGANG,5,117,480000,77,13
HOUGANG,5,120,465000,78,4
HOUGANG,5,132,568000,65,7
HOUGANG,5,132,550000,65,1
HOUGANG,6,146,675000,67,4
HOUGANG,6,154,635000,66,10
HOUGANG,6,148,676888,67,7
HOUGANG,6,150,695000,64,1
HOUGANG,6,147,620000,72,1
HOUGANG,6,143,660000,72,7
HOUGANG,3,67,260000,61,4
HOUGANG,3,81,245000,61,1
HOUGANG,3,66,260000,61,7
HOUGANG,3,67,280000,61,10
HOUGANG,3,67,270000,65,7
HOUGANG,3,82,312000,66,13
HOUGANG,3,67,250000,58,10
HOUGANG,3,67,260000,64,10
HOUGANG,3,64,270000,69,1
HOUGANG,3,82,305000,62,1
HOUGANG,3,60,248000,65,4
HOUGANG,3,64,263000,66,1
HOUGANG,3,74,265000,67,1
HOUGANG,3,67,280000,64,10
HOUGANG,4,90,338000,83,4
HOUGANG,4,93,435000,94,13
HOUGANG,4,93,455000,94,7
HOUGANG,4,93,480000,94,19
HOUGANG,4,93,435000,94,4
HOUGANG,4,93,410000,94,7
HOUGANG,4,98,330000,58,1
HOUGANG,4,91,358000,64,4
HOUGANG,4,104,433000,65,10
HOUGANG,4,104,428000,63,7
HOUGANG,4,104,400000,63,4
HOUGANG,4,104,358000,62,4
HOUGANG,4,91,352000,65,4
HOUGANG,4,91,352000,65,10
HOUGANG,4,91,322000,65,4
HOUGANG,4,84,330000,66,10
HOUGANG,4,104,438000,69,10
HOUGANG,4,103,382000,67,10
HOUGANG,4,89,300000,65,1
HOUGANG,4,84,333000,68,7
HOUGANG,4,101,376000,79,4
HOUGANG,4,111,465000,72,7
HOUGANG,4,106,428000,72,1
HOUGANG,4,104,578000,72,13
HOUGANG,4,92,370000,64,7
HOUGANG,4,93,355000,64,4
HOUGANG,4,101,476188,79,7
HOUGANG,4,103,355000,72,1
HOUGANG,4,104,388000,72,7
HOUGANG,4,101,382000,79,1
HOUGANG,4,87,310000,67,1
HOUGANG,4,84,321000,67,4
HOUGANG,4,90,350000,79,7
HOUGANG,4,100,370000,78,10
HOUGANG,4,102,368000,77,4
HOUGANG,4,106,428000,65,4
HOUGANG,4,103,418000,64,4
HOUGANG,4,92,470888,95,10
HOUGANG,4,92,438888,95,13
HOUGANG,4,93,450000,95,7
HOUGANG,4,92,460000,95,10
HOUGANG,5,110,425000,83,10
HOUGANG,5,110,426000,84,10
HOUGANG,5,110,411000,84,13
HOUGANG,5,123,600000,72,7
HOUGANG,5,121,538000,67,4
HOUGANG,5,134,548000,63,10
HOUGANG,5,122,548000,69,1
HOUGANG,5,121,539000,68,1
HOUGANG,5,120,508000,78,4
HOUGANG,5,125,612888,72,13
HOUGANG,5,123,595000,79,4
HOUGANG,5,118,450000,76,1
HOUGANG,5,123,470000,72,7
HOUGANG,5,116,410000,79,4
HOUGANG,5,120,515000,78,13
HOUGANG,5,120,525000,78,10
HOUGANG,5,112,650000,95,16
HOUGANG,5,125,618000,72,10
HOUGANG,6,151,641000,66,1
HOUGANG,6,146,660000,70,1
HOUGANG,6,137,620000,79,10
HOUGANG,2,47,233000,92,7
HOUGANG,3,68,310000,94,10
HOUGANG,3,66,333000,93,13
HOUGANG,3,66,318000,61,10
HOUGANG,3,67,260000,61,7
HOUGANG,3,66,330000,93,7
HOUGANG,3,67,270000,61,7
HOUGANG,3,67,268000,61,1
HOUGANG,3,66,326000,93,7
HOUGANG,3,67,255000,62,4
HOUGANG,3,73,272000,58,10
HOUGANG,3,59,220000,55,13
HOUGANG,3,67,260000,58,10
HOUGANG,3,67,258000,62,4
HOUGANG,3,67,298000,63,10
HOUGANG,3,74,310000,63,7
HOUGANG,3,64,280000,66,4
HOUGANG,3,64,260000,69,1
HOUGANG,3,64,270000,66,10
HOUGANG,3,60,270000,65,10
HOUGANG,3,64,263000,69,4
HOUGANG,3,69,278000,65,10
HOUGANG,3,74,300000,67,7
HOUGANG,3,67,370000,95,13
HOUGANG,4,93,451000,94,13
HOUGANG,4,93,449000,94,10
HOUGANG,4,93,485000,94,19
HOUGANG,4,93,440000,94,10
HOUGANG,4,108,415000,63,10
HOUGANG,4,95,338000,63,1
HOUGANG,4,93,421000,65,10
HOUGANG,4,84,330000,67,4
HOUGANG,4,93,410000,65,10
HOUGANG,4,91,360000,65,1
HOUGANG,4,104,425000,72,7
HOUGANG,4,84,350000,67,4
HOUGANG,4,94,310000,65,1
HOUGANG,4,93,368000,66,7
HOUGANG,4,98,371888,64,10
HOUGANG,4,109,390000,66,1
HOUGANG,4,85,325000,69,1
HOUGANG,4,104,350000,65,1
HOUGANG,4,93,315000,62,1
HOUGANG,4,84,360000,67,7
HOUGANG,4,91,315000,65,1
HOUGANG,4,104,398000,63,10
HOUGANG,4,104,415000,67,7
HOUGANG,4,84,319000,66,1
HOUGANG,4,103,380000,66,10
HOUGANG,4,105,435000,72,4
HOUGANG,4,84,316000,65,1
HOUGANG,4,99,530000,77,7
HOUGANG,4,104,398000,64,1
HOUGANG,4,100,380000,77,10
HOUGANG,4,100,408000,76,10
HOUGANG,4,102,405000,72,7
HOUGANG,4,101,340000,77,1
HOUGANG,4,104,340000,72,1
HOUGANG,4,99,415000,76,7
HOUGANG,4,99,360000,77,7
HOUGANG,4,103,360000,72,4
HOUGANG,4,103,360000,72,1
HOUGANG,4,111,375000,72,1
HOUGANG,4,104,400000,72,7
HOUGANG,4,103,375000,66,10
HOUGANG,4,84,313000,67,4
HOUGANG,4,90,345000,77,4
HOUGANG,4,100,370000,78,4
HOUGANG,4,100,388000,77,7
HOUGANG,4,92,490000,95,16
HOUGANG,4,92,540000,95,16
HOUGANG,4,93,490000,95,13
HOUGANG,5,110,430000,83,16
HOUGANG,5,110,375000,83,1
HOUGANG,5,110,440000,83,10
HOUGANG,5,110,445000,84,13
HOUGANG,5,138,685000,64,4
HOUGANG,5,131,490000,63,1
HOUGANG,5,123,530000,77,4
HOUGANG,5,121,545000,66,4
HOUGANG,5,121,540000,67,7
HOUGANG,5,121,427500,65,7
HOUGANG,5,122,462000,66,10
HOUGANG,5,116,490000,78,13
HOUGANG,5,120,460000,77,10
HOUGANG,5,142,750000,64,10
HOUGANG,5,142,710000,64,1
HOUGANG,5,124,626000,79,4
HOUGANG,5,117,450000,77,7
HOUGANG,5,117,458000,77,4
HOUGANG,5,116,390000,79,4
HOUGANG,5,120,480000,78,13
HOUGANG,5,121,538000,78,13
HOUGANG,5,112,650000,95,16
HOUGANG,5,112,615000,95,1
HOUGANG,6,140,630000,77,10
HOUGANG,6,145,760000,69,1
HOUGANG,6,148,575000,67,1
HOUGANG,6,169,875000,72,10
HOUGANG,6,148,640000,72,1
HOUGANG,6,143,682000,72,13
HOUGANG,6,137,625000,79,13
HOUGANG,6,160,650000,64,1
HOUGANG,6,151,740000,64,4
HOUGANG,3,67,310000,91,4
HOUGANG,3,68,343000,94,13
HOUGANG,3,68,320000,94,10
HOUGANG,3,67,260000,63,1
HOUGANG,3,66,248000,61,1
HOUGANG,3,81,295000,61,1
HOUGANG,3,82,250000,61,10
HOUGANG,3,68,295000,64,10
HOUGANG,3,70,235000,55,10
HOUGANG,3,73,300000,58,7
HOUGANG,3,67,250000,57,7
HOUGANG,3,59,208000,55,4
HOUGANG,3,67,295000,63,10
HOUGANG,3,60,250000,67,7
HOUGANG,3,68,372000,94,13
HOUGANG,3,67,383000,94,13
HOUGANG,4,90,328000,83,1
HOUGANG,4,93,390000,94,1
HOUGANG,4,93,375000,94,1
HOUGANG,4,93,370000,94,4
HOUGANG,4,85,333000,83,10
HOUGANG,4,91,360000,61,4
HOUGANG,4,92,355000,77,1
HOUGANG,4,100,400000,77,10
HOUGANG,4,96,375000,61,10
HOUGANG,4,104,470000,63,13
HOUGANG,4,101,390000,77,4
HOUGANG,4,97,436000,65,7
HOUGANG,4,97,365000,65,7
HOUGANG,4,96,320000,65,1
HOUGANG,4,91,335000,65,4
HOUGANG,4,92,330888,58,4
HOUGANG,4,84,340000,67,1
HOUGANG,4,105,418000,70,7
HOUGANG,4,84,340000,66,7
HOUGANG,4,104,360000,67,4
HOUGANG,4,84,328000,67,10
HOUGANG,4,103,428000,70,13
HOUGANG,4,100,345000,79,4
HOUGANG,4,99,478000,76,4
HOUGANG,4,103,520000,72,1
HOUGANG,4,101,410000,79,7
HOUGANG,4,100,456000,79,16
HOUGANG,4,106,385000,72,7
HOUGANG,4,103,350000,72,1
HOUGANG,4,84,331000,67,7
HOUGANG,4,96,378000,79,13
HOUGANG,4,101,395000,77,4
HOUGANG,4,108,350000,64,10
HOUGANG,4,92,440000,94,1
HOUGANG,4,92,445000,94,4
HOUGANG,5,110,450000,83,16
HOUGANG,5,110,401000,83,4
HOUGANG,5,110,370000,83,1
HOUGANG,5,110,435000,83,1
HOUGANG,5,133,710000,63,1
HOUGANG,5,121,575000,66,1
HOUGANG,5,121,480000,64,13
HOUGANG,5,125,470000,64,10
HOUGANG,5,122,445000,68,10
HOUGANG,5,121,470000,65,13
HOUGANG,5,120,465000,67,7
HOUGANG,5,122,455000,66,13
HOUGANG,5,121,510000,78,13
HOUGANG,5,117,497500,76,7
HOUGANG,5,120,485000,78,4
HOUGANG,5,121,455000,67,10
HOUGANG,5,120,483888,78,7
HOUGANG,5,131,600000,64,13
HOUGANG,5,112,680000,94,16
HOUGANG,5,112,608000,94,10
HOUGANG,5,113,634000,94,16
HOUGANG,5,113,670000,94,16
HOUGANG,6,148,755000,66,4
HOUGANG,6,148,670000,66,10
HOUGANG,6,159,840000,72,4
HOUGANG,6,148,863000,72,4
HOUGANG,3,59,225000,55,10
HOUGANG,2,47,200000,94,13
HOUGANG,2,47,230000,94,1
HOUGANG,3,67,320000,91,13
HOUGANG,3,67,300000,91,10
HOUGANG,3,68,332000,94,10
HOUGANG,3,67,260000,61,10
HOUGANG,3,67,240000,62,7
HOUGANG,3,67,300000,62,10
HOUGANG,3,67,275000,61,10
HOUGANG,3,68,290000,64,4
HOUGANG,3,67,272000,65,10
HOUGANG,3,64,250000,69,1
HOUGANG,3,82,315000,62,7
HOUGANG,3,74,306000,63,1
HOUGANG,3,64,255000,69,1
HOUGANG,3,74,300000,67,10
HOUGANG,3,60,260000,66,10
HOUGANG,3,60,254000,67,13
HOUGANG,3,69,275000,65,10
HOUGANG,3,67,392888,94,19
HOUGANG,3,67,355000,94,4
HOUGANG,3,67,350000,94,4
HOUGANG,3,67,345000,94,10
HOUGANG,4,90,370000,83,10
HOUGANG,4,90,338888,83,4
HOUGANG,4,85,335000,83,1
HOUGANG,4,90,335000,82,1
HOUGANG,4,93,442000,94,10
HOUGANG,4,102,382000,77,10
HOUGANG,4,105,430000,69,4
HOUGANG,4,105,370000,72,1
HOUGANG,4,96,478000,65,10
HOUGANG,4,113,416000,69,7
HOUGANG,4,91,410000,65,4
HOUGANG,4,104,430000,69,7
HOUGANG,4,91,318000,65,1
HOUGANG,4,98,325000,57,10
HOUGANG,4,100,415000,77,16
HOUGANG,4,96,385000,63,4
HOUGANG,4,104,358000,63,4
HOUGANG,4,104,382000,62,10
HOUGANG,4,104,370000,62,10
HOUGANG,4,91,345000,65,7
HOUGANG,4,105,368000,65,10
HOUGANG,4,84,330000,65,7
HOUGANG,4,105,350000,69,1
HOUGANG,4,105,408000,67,7
HOUGANG,4,93,360000,64,7
HOUGANG,4,92,343000,63,1
HOUGANG,4,101,432000,79,4
HOUGANG,4,98,395000,76,16
HOUGANG,4,107,372000,72,7
HOUGANG,4,104,385000,72,7
HOUGANG,4,106,363000,72,1
HOUGANG,4,100,425000,78,4
HOUGANG,4,101,380000,77,10
HOUGANG,4,108,388000,64,4
HOUGANG,4,93,510000,94,1
HOUGANG,4,92,440000,94,7
HOUGANG,4,92,435000,94,4
HOUGANG,4,93,535000,94,13
HOUGANG,4,92,475000,94,16
HOUGANG,4,93,457000,94,4
HOUGANG,5,110,435000,83,16
HOUGANG,5,110,430000,83,10
HOUGANG,5,110,410000,83,10
HOUGANG,5,110,468000,83,16
HOUGANG,5,137,698000,62,1
HOUGANG,5,121,378000,65,1
HOUGANG,5,120,457000,67,10
HOUGANG,5,121,488000,79,13
HOUGANG,5,136,575000,64,4
HOUGANG,5,120,645000,79,7
HOUGANG,5,123,477000,72,4
HOUGANG,5,120,485000,78,4
HOUGANG,5,120,485000,77,7
HOUGANG,5,120,425000,77,1
HOUGANG,5,122,535000,77,4
HOUGANG,5,113,596888,94,4
HOUGANG,5,112,672000,94,16
HOUGANG,5,112,625000,94,10
HOUGANG,5,125,630000,72,10
HOUGANG,6,146,735000,70,10
HOUGANG,6,139,575000,77,1
HOUGANG,6,145,780000,67,4
HOUGANG,6,145,735000,68,1
HOUGANG,6,146,628000,68,1
HOUGANG,6,146,628000,72,1
HOUGANG,6,137,610000,79,4
HOUGANG,6,148,900000,72,4
HOUGANG,6,156,908000,72,4
HOUGANG,6,148,640000,72,4
HOUGANG,6,148,685000,72,1
HOUGANG,6,148,745000,64,7
HOUGANG,6,146,585000,64,4
HOUGANG,2,47,205000,94,13
HOUGANG,3,67,300000,91,4
HOUGANG,3,67,280000,63,4
HOUGANG,3,67,275000,64,1
HOUGANG,3,67,250000,63,4
HOUGANG,3,67,300000,62,10
HOUGANG,3,67,278000,62,1
HOUGANG,3,68,251000,62,4
HOUGANG,3,60,295000,67,7
HOUGANG,3,70,270000,66,1
HOUGANG,3,67,362000,94,10
HOUGANG,4,90,375888,82,13
HOUGANG,4,85,325000,82,1
HOUGANG,4,93,430000,94,13
HOUGANG,4,93,456000,94,16
HOUGANG,4,93,405000,94,1
HOUGANG,4,93,485000,94,16
HOUGANG,4,92,458000,94,10
HOUGANG,4,90,345000,83,13
HOUGANG,4,103,388000,63,10
HOUGANG,4,105,366800,63,4
HOUGANG,4,93,345000,62,1
HOUGANG,4,118,420000,69,4
HOUGANG,4,91,370000,65,4
HOUGANG,4,84,320000,65,4
HOUGANG,4,93,318000,65,1
HOUGANG,4,91,365000,65,13
HOUGANG,4,84,350000,67,10
HOUGANG,4,103,365000,69,4
HOUGANG,4,84,320000,66,7
HOUGANG,4,84,369000,67,10
HOUGANG,4,100,530000,76,13
HOUGANG,4,106,390000,72,10
HOUGANG,4,100,390000,76,4
HOUGANG,4,100,378000,78,1
HOUGANG,4,101,385000,79,7
HOUGANG,4,106,365000,64,7
HOUGANG,4,92,448000,94,10
HOUGANG,4,92,490000,94,13
HOUGANG,4,92,420000,94,4
HOUGANG,5,110,425000,83,10
HOUGANG,5,110,411888,82,10
HOUGANG,5,121,555000,65,10
HOUGANG,5,121,520000,65,7
HOUGANG,5,131,542888,63,4
HOUGANG,5,121,430000,79,1
HOUGANG,5,121,459000,78,1
HOUGANG,5,120,570000,78,13
HOUGANG,5,116,468000,78,7
HOUGANG,5,120,500000,77,7
HOUGANG,5,120,485000,78,10
HOUGANG,5,112,618000,94,4
HOUGANG,5,113,630000,94,4
HOUGANG,6,147,700000,65,4
HOUGANG,6,148,575000,66,1
HOUGANG,6,137,831500,76,7
HOUGANG,6,146,820000,72,7
HOUGANG,6,148,695000,72,10
HOUGANG,6,147,676000,72,4
HOUGANG,6,137,620000,79,7
HOUGANG,2,47,230000,91,13
HOUGANG,3,67,260000,63,4
HOUGANG,3,81,250000,63,1
HOUGANG,3,67,270000,61,10
HOUGANG,3,82,325000,64,7
HOUGANG,3,67,255000,65,4
HOUGANG,3,67,272000,65,13
HOUGANG,3,88,315000,57,7
HOUGANG,3,73,275000,57,7
HOUGANG,3,59,215000,54,7
HOUGANG,3,59,218000,54,13
HOUGANG,3,67,298000,64,10
HOUGANG,3,73,273000,57,1
HOUGANG,3,64,275000,68,4
HOUGANG,3,64,263000,68,4
HOUGANG,3,68,290000,62,10
HOUGANG,3,64,263888,66,1
HOUGANG,3,76,275000,64,1
HOUGANG,3,69,303000,66,10
HOUGANG,3,64,270000,66,1
HOUGANG,3,74,265000,64,4
HOUGANG,3,68,335000,94,4
HOUGANG,4,85,349000,82,7
HOUGANG,4,85,353000,82,7
HOUGANG,4,92,432000,94,13
HOUGANG,4,93,480000,94,13
HOUGANG,4,90,375000,83,16
HOUGANG,4,100,355000,77,4
HOUGANG,4,91,405000,65,7
HOUGANG,4,91,320000,65,4
HOUGANG,4,91,320000,65,4
HOUGANG,4,93,365000,64,4
HOUGANG,4,82,325000,55,16
HOUGANG,4,96,375000,64,10
HOUGANG,4,104,410000,64,7
HOUGANG,4,84,335000,64,10
HOUGANG,4,93,350000,62,7
HOUGANG,4,93,322000,62,7
HOUGANG,4,103,425000,63,7
HOUGANG,4,103,430000,69,7
HOUGANG,4,105,415000,69,4
HOUGANG,4,105,378000,65,10
HOUGANG,4,104,405000,66,7
HOUGANG,4,84,346000,67,10
HOUGANG,4,104,404000,69,10
HOUGANG,4,103,402000,68,10
HOUGANG,4,101,360000,79,7
HOUGANG,4,110,395000,72,1
HOUGANG,4,85,350000,67,1
HOUGANG,4,103,465000,77,4
HOUGANG,4,91,368000,64,7
HOUGANG,4,109,418000,64,10
HOUGANG,4,104,338000,64,4
HOUGANG,4,103,372000,71,4
HOUGANG,4,84,340000,66,10
HOUGANG,4,100,395000,79,10
HOUGANG,4,92,360000,77,4
HOUGANG,4,101,378000,77,4
HOUGANG,4,92,468000,94,10
HOUGANG,4,92,468000,94,10
HOUGANG,4,93,510000,94,16
HOUGANG,4,93,439500,94,4
HOUGANG,4,92,500000,94,16
HOUGANG,4,92,455000,94,10
HOUGANG,4,92,520000,94,16
HOUGANG,4,104,433000,71,4
HOUGANG,5,110,375000,82,1
HOUGANG,5,110,428000,82,7
HOUGANG,5,142,750000,64,4
HOUGANG,5,120,488000,77,13
HOUGANG,5,127,513888,63,10
HOUGANG,5,123,585000,71,7
HOUGANG,5,122,410000,65,1
HOUGANG,5,121,430000,65,1
HOUGANG,5,120,450000,67,7
HOUGANG,5,121,465000,79,4
HOUGANG,5,117,480000,76,7
HOUGANG,5,117,470000,76,4
HOUGANG,5,120,500000,77,7
HOUGANG,5,120,540000,77,7
HOUGANG,5,121,523000,78,13
HOUGANG,5,132,539000,64,7
HOUGANG,6,148,630000,65,10
HOUGANG,6,148,606000,65,4
HOUGANG,6,148,600000,65,1
HOUGANG,6,148,600000,67,10
HOUGANG,6,147,835000,72,10
HOUGANG,6,144,580000,79,1
HOUGANG,6,148,688000,71,10
HOUGANG,6,143,682000,72,10
HOUGANG,6,147,658000,71,10
HOUGANG,6,155,700888,72,4
HOUGANG,6,137,620000,79,13
HOUGANG,6,137,588000,79,7
HOUGANG,3,60,260000,66,4
HOUGANG,3,67,245000,61,1
HOUGANG,3,67,285000,60,10
HOUGANG,3,67,272000,62,7
HOUGANG,3,67,275000,60,10
HOUGANG,3,82,305000,64,4
HOUGANG,3,71,276000,64,7
HOUGANG,3,59,195000,54,1
HOUGANG,3,67,263000,64,1
HOUGANG,3,67,270000,63,1
HOUGANG,3,59,215000,54,10
HOUGANG,3,73,285000,57,7
HOUGANG,3,74,305000,62,10
HOUGANG,3,67,295000,62,10
HOUGANG,3,67,263000,63,10
HOUGANG,3,64,278000,65,7
HOUGANG,3,74,292000,67,4
HOUGANG,3,60,248000,67,13
HOUGANG,3,64,275000,68,7
HOUGANG,3,69,288000,64,4
HOUGANG,3,69,272000,64,4
HOUGANG,3,74,292000,67,4
HOUGANG,4,85,348000,82,7
HOUGANG,4,93,430000,94,4
HOUGANG,4,93,440000,94,7
HOUGANG,4,95,333000,61,1
HOUGANG,4,84,337000,66,4
HOUGANG,4,105,420000,72,1
HOUGANG,4,96,315000,65,1
HOUGANG,4,84,318000,64,1
HOUGANG,4,90,330000,65,1
HOUGANG,4,93,342000,62,10
HOUGANG,4,104,388000,62,7
HOUGANG,4,84,325000,66,1
HOUGANG,4,93,360000,62,10
HOUGANG,4,84,330000,67,10
HOUGANG,4,104,370000,67,7
HOUGANG,4,103,418000,70,7
HOUGANG,4,104,395000,65,10
HOUGANG,4,84,300000,66,1
HOUGANG,4,104,360000,66,1
HOUGANG,4,113,440000,70,7
HOUGANG,4,84,320000,66,4
HOUGANG,4,99,540000,76,7
HOUGANG,4,103,460000,77,4
HOUGANG,4,91,335800,64,7
HOUGANG,4,114,350000,64,1
HOUGANG,4,101,465000,79,10
HOUGANG,4,100,445000,79,7
HOUGANG,4,101,458000,79,7
HOUGANG,4,104,370000,69,4
HOUGANG,4,100,360000,76,1
HOUGANG,4,104,345000,68,7
HOUGANG,4,104,380000,72,7
HOUGANG,4,84,335000,66,4
HOUGANG,4,103,412000,67,10
HOUGANG,4,89,343000,66,1
HOUGANG,4,100,395000,77,13
HOUGANG,4,100,380000,79,4
HOUGANG,4,108,413888,64,10
HOUGANG,4,92,465000,94,16
HOUGANG,4,92,415000,94,1
HOUGANG,4,92,462000,94,10
HOUGANG,4,92,470000,94,13
HOUGANG,4,92,450000,94,10
HOUGANG,4,92,485000,94,13
HOUGANG,4,92,460000,94,10
HOUGANG,4,92,463888,95,13
HOUGANG,5,110,438000,82,13
HOUGANG,5,110,428000,82,13
HOUGANG,5,122,555000,77,13
HOUGANG,5,136,710000,63,4
HOUGANG,5,121,560000,65,10
HOUGANG,5,121,522000,67,4
HOUGANG,5,121,462000,67,1
HOUGANG,5,123,470000,68,1
HOUGANG,5,121,515000,66,4
HOUGANG,5,123,485000,70,1
HOUGANG,5,122,505000,72,1
HOUGANG,5,121,430000,78,1
HOUGANG,5,121,490000,79,13
HOUGANG,5,120,560000,77,7
HOUGANG,5,121,456000,68,4
HOUGANG,5,121,470000,78,1
HOUGANG,5,115,450000,78,10
HOUGANG,6,144,818000,72,16
HOUGANG,6,145,720000,69,1
HOUGANG,6,145,730000,67,10
HOUGANG,6,148,665000,64,10
HOUGANG,6,146,625000,66,1
HOUGANG,6,148,600000,66,4
HOUGANG,6,144,630000,65,4
HOUGANG,6,137,538000,78,1
HOUGANG,6,148,850000,71,7
HOUGANG,6,157,790000,63,1
HOUGANG,6,144,640000,72,1
HOUGANG,6,144,665000,71,10
HOUGANG,6,137,518000,79,1
HOUGANG,6,137,630000,79,10
HOUGANG,6,137,623000,78,4
HOUGANG,6,137,500000,79,1
HOUGANG,6,148,645000,63,1
HOUGANG,3,74,318000,64,16
HOUGANG,3,67,315000,91,10
HOUGANG,3,67,285000,91,1
HOUGANG,3,67,323000,91,7
HOUGANG,3,67,275000,62,7
HOUGANG,3,82,310000,60,13
HOUGANG,3,67,228000,62,4
HOUGANG,3,67,290000,64,1
HOUGANG,3,67,262000,57,4
HOUGANG,3,74,285000,66,10
HOUGANG,3,67,273000,62,4
HOUGANG,3,67,271500,62,1
HOUGANG,3,67,285000,62,7
HOUGANG,3,67,270000,62,7
HOUGANG,3,64,260000,65,4
HOUGANG,3,74,266000,64,7
HOUGANG,3,64,262000,66,7
HOUGANG,4,85,349000,82,13
HOUGANG,4,85,372000,83,16
HOUGANG,4,93,398000,94,1
HOUGANG,4,93,438000,94,10
HOUGANG,4,93,435000,94,16
HOUGANG,4,93,410000,94,1
HOUGANG,4,104,388000,71,4
HOUGANG,4,93,406000,65,7
HOUGANG,4,82,330000,55,13
HOUGANG,4,98,333000,57,10
HOUGANG,4,92,323000,57,4
HOUGANG,4,107,380000,66,7
HOUGANG,4,104,363000,64,1
HOUGANG,4,93,360000,62,1
HOUGANG,4,105,403000,69,4
HOUGANG,4,84,340000,67,1
HOUGANG,4,91,430000,64,10
HOUGANG,4,113,460000,68,10
HOUGANG,4,84,330000,65,4
HOUGANG,4,84,340000,66,1
HOUGANG,4,84,336800,66,4
HOUGANG,4,102,340000,78,1
HOUGANG,4,100,345000,78,1
HOUGANG,4,101,366000,78,7
HOUGANG,4,100,508000,76,10
HOUGANG,4,101,425000,79,7
HOUGANG,4,98,390000,76,10
HOUGANG,4,106,365000,71,10
HOUGANG,4,100,390000,76,7
HOUGANG,4,109,406000,71,4
HOUGANG,4,105,375000,71,4
HOUGANG,4,106,345555,64,10
HOUGANG,4,108,360000,64,7
HOUGANG,4,103,400000,63,1
HOUGANG,4,103,359000,64,4
HOUGANG,4,92,468000,94,16
HOUGANG,4,92,507000,94,16
HOUGANG,4,92,386000,94,1
HOUGANG,4,93,428000,94,7
HOUGANG,4,93,440000,94,4
HOUGANG,4,92,457000,94,7
HOUGANG,4,92,510000,94,16
HOUGANG,5,110,405000,82,4
HOUGANG,5,121,560000,65,4
HOUGANG,5,126,475000,65,1
HOUGANG,5,121,528000,67,7
HOUGANG,5,127,510000,62,10
HOUGANG,5,122,420000,66,4
HOUGANG,5,122,490000,65,13
HOUGANG,5,121,460000,65,7
HOUGANG,5,116,420000,78,7
HOUGANG,5,121,490000,78,4
HOUGANG,5,121,435000,64,7
HOUGANG,5,121,480000,69,7
HOUGANG,5,117,490000,76,10
HOUGANG,5,117,485000,76,16
HOUGANG,5,118,488000,76,7
HOUGANG,5,120,470000,78,13
HOUGANG,5,120,492000,77,13
HOUGANG,5,121,435000,77,4
HOUGANG,5,112,630000,94,10
HOUGANG,5,109,730000,94,4
HOUGANG,5,109,625000,94,1
HOUGANG,6,146,765000,66,7
HOUGANG,6,140,680000,66,10
HOUGANG,6,146,730000,70,10
HOUGANG,6,138,828000,76,13
HOUGANG,6,143,560000,71,1
HOUGANG,6,143,642888,71,4
HOUGANG,6,147,618000,71,1
HOUGANG,6,150,715000,71,10
HOUGANG,6,155,660000,63,1
HOUGANG,2,47,222000,91,1
HOUGANG,3,68,330000,94,13
HOUGANG,3,66,287000,93,1
HOUGANG,3,81,305400,60,1
HOUGANG,3,66,313000,93,7
HOUGANG,3,67,280000,63,4
HOUGANG,3,64,255000,65,7
HOUGANG,3,67,230000,57,10
HOUGANG,3,74,291000,66,10
HOUGANG,3,67,290000,62,7
HOUGANG,3,67,270000,62,4
HOUGANG,3,60,280000,67,13
HOUGANG,3,67,266000,64,4
HOUGANG,3,74,262000,64,7
HOUGANG,3,67,335000,94,1
HOUGANG,3,67,338000,94,1
HOUGANG,3,67,372000,95,13
HOUGANG,3,67,378000,95,16
HOUGANG,3,67,353000,95,7
HOUGANG,4,102,378888,63,1
HOUGANG,4,105,420000,63,13
HOUGANG,4,91,370000,61,10
HOUGANG,4,104,490000,63,13
HOUGANG,4,84,390000,66,7
HOUGANG,4,105,410000,69,7
HOUGANG,4,91,357000,63,1
HOUGANG,4,92,328000,64,4
HOUGANG,4,100,353000,78,4
HOUGANG,4,98,526000,76,4
HOUGANG,4,91,380000,64,1
HOUGANG,4,93,338000,63,7
HOUGANG,4,98,345000,64,13
HOUGANG,4,102,405000,78,1
HOUGANG,4,103,374000,71,4
HOUGANG,4,103,348000,71,4
HOUGANG,4,89,350000,66,13
HOUGANG,4,89,342000,66,10
HOUGANG,4,90,361000,79,10
HOUGANG,4,100,368000,76,4
HOUGANG,4,101,373000,77,4
HOUGANG,4,103,390000,63,10
HOUGANG,4,92,420000,94,4
HOUGANG,4,93,450000,94,4
HOUGANG,4,92,518000,94,19
HOUGANG,4,92,490000,94,13
HOUGANG,4,92,440000,94,10
HOUGANG,4,93,518000,94,13
HOUGANG,4,92,480000,94,16
HOUGANG,4,92,500000,95,16
HOUGANG,4,95,483000,95,13
HOUGANG,4,92,495000,95,7
HOUGANG,5,110,435000,83,13
HOUGANG,5,121,580000,65,10
HOUGANG,5,121,428000,65,1
HOUGANG,5,120,430000,77,1
HOUGANG,5,123,570000,71,4
HOUGANG,5,121,440000,62,7
HOUGANG,5,129,562000,71,1
HOUGANG,5,131,510000,68,4
HOUGANG,5,120,460000,66,13
HOUGANG,5,120,472500,71,7
HOUGANG,5,127,485000,69,1
HOUGANG,5,116,515000,78,13
HOUGANG,5,140,685000,63,1
HOUGANG,5,142,750000,63,10
HOUGANG,5,123,520000,64,13
HOUGANG,5,121,450000,66,10
HOUGANG,5,120,470000,77,4
HOUGANG,5,112,618000,94,4
HOUGANG,5,112,723000,93,1
HOUGANG,5,115,670000,95,7
HOUGANG,6,148,698888,70,4
HOUGANG,6,140,638000,76,10
HOUGANG,6,145,800000,66,10
HOUGANG,6,148,618000,64,7
HOUGANG,6,148,725000,70,10
HOUGANG,6,137,590000,78,10
HOUGANG,6,146,808000,71,1
HOUGANG,6,156,825000,63,4
HOUGANG,6,141,784000,78,13
HOUGANG,3,68,305000,94,4
HOUGANG,3,67,248000,60,1
HOUGANG,3,67,235000,57,7
HOUGANG,3,59,228000,54,10
HOUGANG,3,59,220000,54,10
HOUGANG,3,67,235000,57,7
HOUGANG,3,59,208000,54,7
HOUGANG,3,82,338000,61,7
HOUGANG,3,74,290000,66,10
HOUGANG,3,67,268000,62,4
HOUGANG,3,71,264000,64,1
HOUGANG,3,60,260000,64,10
HOUGANG,3,60,260000,66,10
HOUGANG,3,64,258000,65,1
HOUGANG,3,69,269888,64,4
HOUGANG,3,74,300000,66,1
HOUGANG,3,64,268888,65,7
HOUGANG,3,74,293000,66,7
HOUGANG,3,74,270000,64,7
HOUGANG,3,64,265000,65,1
HOUGANG,3,67,470000,93,10
HOUGANG,3,68,371000,95,7
HOUGANG,3,68,375000,95,10
HOUGANG,3,68,350000,95,7
HOUGANG,3,67,388000,95,19
HOUGANG,4,90,345000,82,13
HOUGANG,4,90,343000,82,7
HOUGANG,4,90,345000,82,4
HOUGANG,4,93,460000,94,7
HOUGANG,4,93,440000,94,7
HOUGANG,4,103,380000,76,1
HOUGANG,4,102,385000,76,10
HOUGANG,4,104,450000,63,4
HOUGANG,4,105,385000,71,4
HOUGANG,4,110,400000,68,1
HOUGANG,4,103,413000,65,7
HOUGANG,4,91,309000,64,1
HOUGANG,4,93,348000,64,10
HOUGANG,4,95,308000,64,4
HOUGANG,4,93,365000,63,7
HOUGANG,4,84,340000,65,7
HOUGANG,4,104,395000,71,10
HOUGANG,4,84,325000,66,4
HOUGANG,4,99,310000,64,1
HOUGANG,4,84,352000,66,13
HOUGANG,4,110,365000,68,1
HOUGANG,4,84,361000,66,10
HOUGANG,4,100,382000,77,4
HOUGANG,4,98,540000,76,7
HOUGANG,4,104,360000,63,4
HOUGANG,4,106,350000,71,4
HOUGANG,4,104,381000,66,4
HOUGANG,4,100,379000,77,4
HOUGANG,4,92,370000,77,7
HOUGANG,4,101,380000,78,10
HOUGANG,4,103,415888,63,10
HOUGANG,4,92,405000,94,4
HOUGANG,4,92,700000,93,10
HOUGANG,4,92,520000,95,13
HOUGANG,4,92,478000,95,10
HOUGANG,4,92,450000,95,1
HOUGANG,5,134,660000,62,7
HOUGANG,5,121,550000,67,10
HOUGANG,5,121,495000,66,1
HOUGANG,5,116,490000,78,4
HOUGANG,5,121,450000,78,7
HOUGANG,5,115,635000,76,13
HOUGANG,5,116,650000,76,7
HOUGANG,5,121,495000,63,4
HOUGANG,5,136,525000,63,1
HOUGANG,5,117,505000,76,10
HOUGANG,5,121,470000,66,4
HOUGANG,5,120,483000,77,4
HOUGANG,5,116,475000,78,7
HOUGANG,5,121,480000,76,13
HOUGANG,5,121,455000,77,1
HOUGANG,5,116,428000,78,7
HOUGANG,5,120,534000,77,13
HOUGANG,5,132,500000,64,4
HOUGANG,5,112,540000,94,1
HOUGANG,5,112,830000,93,16
HOUGANG,5,112,620000,94,7
HOUGANG,5,115,675000,95,10
HOUGANG,5,115,692000,95,10
HOUGANG,6,150,655000,64,10
HOUGANG,6,142,670000,65,7
HOUGANG,6,147,590000,67,1
HOUGANG,6,147,605000,65,1
HOUGANG,6,146,740000,70,4
HOUGANG,6,142,585000,63,4
HOUGANG,6,148,853000,71,4
HOUGANG,6,146,786888,71,1
HOUGANG,6,148,620000,71,1
HOUGANG,6,155,663000,64,4
HOUGANG,6,157,690000,63,10
HOUGANG,3,68,320000,94,16
HOUGANG,3,66,257000,60,1
HOUGANG,3,66,302000,93,4
HOUGANG,3,81,310000,63,4
HOUGANG,3,82,315000,60,10
HOUGANG,3,67,265000,64,1
HOUGANG,3,67,268000,64,7
HOUGANG,3,67,248000,57,7
HOUGANG,3,73,270000,57,1
HOUGANG,3,73,295000,57,4
HOUGANG,3,67,293888,62,10
HOUGANG,3,68,275000,62,4
HOUGANG,3,70,300000,66,1
HOUGANG,3,64,260000,68,1
HOUGANG,3,64,325000,64,1
HOUGANG,3,60,240000,65,7
HOUGANG,3,74,343000,62,1
HOUGANG,3,74,298888,66,4
HOUGANG,3,67,330000,94,4
HOUGANG,3,67,420000,93,16
HOUGANG,3,68,383888,95,16
HOUGANG,4,85,368000,83,16
HOUGANG,4,90,334000,82,4
HOUGANG,4,90,345000,82,1
HOUGANG,4,93,438000,94,7
HOUGANG,4,93,460000,94,10
HOUGANG,4,93,420000,94,4
HOUGANG,4,93,450000,94,16
HOUGANG,4,91,400000,65,10
HOUGANG,4,110,430000,68,13
HOUGANG,4,96,308000,64,1
HOUGANG,4,91,345000,64,7
HOUGANG,4,91,309000,64,4
HOUGANG,4,91,338000,64,7
HOUGANG,4,91,358000,64,7
HOUGANG,4,84,355000,65,7
HOUGANG,4,84,335000,64,7
HOUGANG,4,100,348000,77,13
HOUGANG,4,84,328000,65,1
HOUGANG,4,85,335000,66,4
HOUGANG,4,103,370000,62,4
HOUGANG,4,103,435000,70,10
HOUGANG,4,103,365000,66,4
HOUGANG,4,103,425000,69,4
HOUGANG,4,103,400000,66,7
HOUGANG,4,84,335000,66,4
HOUGANG,4,101,406000,77,10
HOUGANG,4,101,400000,78,10
HOUGANG,4,98,400000,64,10
HOUGANG,4,101,495000,76,10
HOUGANG,4,103,440000,76,1
HOUGANG,4,105,365000,63,4
HOUGANG,4,92,359000,63,4
HOUGANG,4,100,492000,78,10
HOUGANG,4,111,375000,71,7
HOUGANG,4,90,375000,78,13
HOUGANG,4,93,355000,77,7
HOUGANG,4,94,378000,76,10
HOUGANG,4,101,395000,78,4
HOUGANG,4,104,365000,64,1
HOUGANG,4,92,427000,94,4
HOUGANG,4,92,440000,94,4
HOUGANG,4,92,485000,94,7
HOUGANG,4,92,620000,93,7
HOUGANG,4,95,485000,95,4
HOUGANG,4,95,538888,95,10
HOUGANG,4,95,525000,95,13
HOUGANG,4,92,450000,95,4
HOUGANG,4,92,500000,95,13
HOUGANG,4,92,513888,95,7
HOUGANG,5,110,415000,82,13
HOUGANG,5,122,548888,76,13
HOUGANG,5,121,440000,65,10
HOUGANG,5,123,440000,54,19
HOUGANG,5,131,480000,62,1
HOUGANG,5,121,476000,65,10
HOUGANG,5,117,508000,76,10
HOUGANG,5,117,506000,76,16
HOUGANG,5,121,455000,68,7
HOUGANG,5,121,445000,66,10
HOUGANG,5,115,440000,78,4
HOUGANG,5,120,478000,77,10
HOUGANG,5,112,640000,93,4
HOUGANG,5,113,615000,94,10
HOUGANG,5,112,633000,94,4
HOUGANG,5,113,608888,94,7
HOUGANG,5,112,618000,94,7
HOUGANG,5,112,590000,94,16
HOUGANG,5,112,683000,95,13
HOUGANG,5,115,705000,95,13
HOUGANG,5,115,741000,95,1
HOUGANG,6,146,772000,66,4
HOUGANG,6,152,630000,64,4
HOUGANG,6,148,590000,66,4
HOUGANG,6,137,605000,78,7
HOUGANG,6,142,715000,76,1
HOUGANG,6,148,858000,71,4
HOUGANG,6,143,682888,71,10
HOUGANG,2,47,223000,93,10
HOUGANG,2,47,215100,93,4
HOUGANG,3,82,280000,60,10
HOUGANG,3,67,258000,63,1
HOUGANG,3,66,257000,61,1
HOUGANG,3,67,272000,61,7
HOUGANG,3,70,262000,62,1
HOUGANG,3,67,272000,60,7
HOUGANG,3,67,261888,60,7
HOUGANG,3,59,215000,54,4
HOUGANG,3,67,280000,62,10
HOUGANG,3,64,258000,68,1
HOUGANG,3,69,288000,64,10
HOUGANG,3,64,268000,64,4
HOUGANG,3,64,258000,65,1
HOUGANG,3,60,236000,65,4
HOUGANG,3,67,262000,63,4
HOUGANG,3,67,440000,93,4
HOUGANG,3,67,365000,94,10
HOUGANG,3,67,360000,94,10
HOUGANG,3,67,345000,95,10
HOUGANG,4,93,445000,93,16
HOUGANG,4,93,425000,93,4
HOUGANG,4,93,470800,93,16
HOUGANG,4,103,470888,63,7
HOUGANG,4,84,318000,65,1
HOUGANG,4,108,425000,68,7
HOUGANG,4,105,420000,69,10
HOUGANG,4,93,420000,65,7
HOUGANG,4,96,338000,64,4
HOUGANG,4,103,375000,67,7
HOUGANG,4,93,340000,62,4
HOUGANG,4,94,380000,68,7
HOUGANG,4,105,445000,69,10
HOUGANG,4,116,465000,70,7
HOUGANG,4,84,318000,65,1
HOUGANG,4,105,380000,69,4
HOUGANG,4,84,339000,66,4
HOUGANG,4,105,504000,71,13
HOUGANG,4,105,472000,71,1
HOUGANG,4,101,495000,78,13
HOUGANG,4,103,450000,71,4
HOUGANG,4,104,358000,66,1
HOUGANG,4,103,400000,66,10
HOUGANG,4,93,335000,76,13
HOUGANG,4,108,380000,63,4
HOUGANG,4,92,440000,94,4
HOUGANG,4,92,465000,94,13
HOUGANG,4,92,475000,94,16
HOUGANG,4,93,475000,94,10
HOUGANG,4,92,468000,94,13
HOUGANG,4,92,469888,94,7
HOUGANG,4,92,415000,94,4
HOUGANG,4,92,525000,95,13
HOUGANG,4,92,444000,95,7
HOUGANG,4,92,506880,95,7
HOUGANG,4,95,463888,95,1
HOUGANG,4,92,460000,95,4
HOUGANG,4,95,535000,95,7
HOUGANG,4,92,530000,95,19
HOUGANG,4,95,550000,95,10
HOUGANG,4,92,553888,95,16
HOUGANG,4,92,550000,95,7
HOUGANG,5,110,425000,83,13
HOUGANG,5,122,495000,65,1
HOUGANG,5,121,450000,62,4
HOUGANG,5,122,595000,71,10
HOUGANG,5,115,439000,78,7
HOUGANG,5,115,458000,78,4
HOUGANG,5,115,400000,78,1
HOUGANG,5,115,410000,78,1
HOUGANG,5,122,530000,76,7
HOUGANG,5,132,515000,63,7
HOUGANG,5,112,635000,94,10
HOUGANG,5,112,685000,95,13
HOUGANG,5,115,743000,95,10
HOUGANG,5,115,670000,95,4
HOUGANG,5,115,650000,95,4
HOUGANG,5,112,680000,95,10
HOUGANG,6,148,685000,69,4
HOUGANG,6,148,625000,65,4
HOUGANG,6,145,743888,67,10
HOUGANG,6,150,650000,64,7
HOUGANG,6,149,690000,65,7
HOUGANG,6,149,645000,65,7
HOUGANG,6,154,765000,65,1
HOUGANG,6,142,720000,76,1
HOUGANG,6,146,738000,71,1
HOUGANG,6,151,683000,63,10
HOUGANG,4,104,385000,61,4
HOUGANG,4,105,380000,68,1
HOUGANG,4,105,428000,68,4
HOUGANG,4,91,316000,65,1
HOUGANG,4,96,311000,63,1
HOUGANG,3,88,325000,57,4
HOUGANG,3,72,290888,63,1
HOUGANG,3,74,288000,66,7
HOUGANG,3,67,470000,93,10
HOUGANG,4,93,370116,64,7
HOUGANG,4,93,320000,65,1
HOUGANG,4,105,359000,68,1
HOUGANG,4,99,385000,63,10
HOUGANG,4,103,355000,71,4
HOUGANG,4,103,362000,71,7
HOUGANG,4,103,393000,62,4
HOUGANG,4,92,458000,94,7
HOUGANG,4,92,530000,95,16
HOUGANG,5,110,390000,82,1
HOUGANG,5,110,425000,83,13
HOUGANG,5,134,490000,62,4
HOUGANG,5,121,464888,65,10
HOUGANG,5,118,433000,76,1
HOUGANG,5,120,488000,77,10
HOUGANG,5,115,517000,78,4
HOUGANG,5,116,482000,78,10
HOUGANG,5,120,533888,77,13
HOUGANG,5,122,560000,71,4
HOUGANG,5,112,688000,95,4
HOUGANG,5,112,702000,95,13
HOUGANG,6,149,630000,65,4
HOUGANG,6,148,710000,71,10
HOUGANG,3,68,248000,60,7
HOUGANG,3,74,268000,67,4
HOUGANG,3,83,335000,62,13
HOUGANG,4,113,450000,68,4
HOUGANG,4,104,360000,63,1
HOUGANG,4,92,635000,93,16
HOUGANG,4,92,422888,94,1
HOUGANG,4,92,568000,95,19
HOUGANG,4,92,580000,94,16
HOUGANG,4,92,515000,95,7
HOUGANG,5,116,480000,78,13
HOUGANG,5,121,430000,76,1
HOUGANG,5,112,740000,93,10
HOUGANG,5,109,750000,93,10
HOUGANG,5,112,780000,93,10
HOUGANG,5,115,720000,94,4
HOUGANG,6,156,625000,65,4
HOUGANG,6,137,575000,78,1
HOUGANG,6,148,700000,63,7
HOUGANG,2,47,222000,91,13
HOUGANG,2,47,235000,91,1
HOUGANG,2,47,228000,90,13
HOUGANG,2,47,238000,93,16
HOUGANG,3,67,284000,91,1
HOUGANG,3,68,350000,93,16
HOUGANG,3,68,325000,93,16
HOUGANG,3,67,250000,61,1
HOUGANG,3,67,280000,60,7
HOUGANG,3,66,330000,92,10
HOUGANG,3,81,280000,60,4
HOUGANG,3,67,255000,60,1
HOUGANG,3,67,280000,64,1
HOUGANG,3,73,275000,57,10
HOUGANG,3,59,219000,54,1
HOUGANG,3,59,220000,54,10
HOUGANG,3,59,222000,54,10
HOUGANG,3,73,280000,56,7
HOUGANG,3,74,290000,67,10
HOUGANG,3,74,285000,66,10
HOUGANG,3,67,270000,61,1
HOUGANG,3,74,280000,66,1
HOUGANG,3,74,296000,65,10
HOUGANG,3,67,280000,62,4
HOUGANG,3,64,275000,67,7
HOUGANG,3,74,295000,66,10
HOUGANG,3,69,246000,66,4
HOUGANG,3,67,258000,63,1
HOUGANG,3,64,268000,65,1
HOUGANG,3,67,470000,93,10
HOUGANG,3,67,365000,94,10
HOUGANG,3,67,443000,93,7
HOUGANG,3,68,377888,94,10
HOUGANG,3,67,382000,95,7
HOUGANG,4,90,345000,82,13
HOUGANG,4,90,345000,82,4
HOUGANG,4,93,410000,93,4
HOUGANG,4,93,455000,93,16
HOUGANG,4,93,480000,93,16
HOUGANG,4,93,470000,93,19
HOUGANG,4,93,425000,93,4
HOUGANG,4,92,400000,93,1
HOUGANG,4,105,430000,68,13
HOUGANG,4,84,345000,65,4
HOUGANG,4,103,420000,65,7
HOUGANG,4,91,350000,63,4
HOUGANG,4,82,312000,54,7
HOUGANG,4,103,375000,66,10
HOUGANG,4,104,413888,64,10
HOUGANG,4,104,405000,61,10
HOUGANG,4,91,335000,72,1
HOUGANG,4,84,312000,66,1
HOUGANG,4,106,375000,71,1
HOUGANG,4,103,440000,68,7
HOUGANG,4,104,400000,68,4
HOUGANG,4,101,343000,77,1
HOUGANG,4,96,320000,63,1
HOUGANG,4,108,350000,63,1
HOUGANG,4,101,460000,78,7
HOUGANG,4,92,476000,94,7
HOUGANG,4,92,516000,94,16
HOUGANG,4,92,483888,94,10
HOUGANG,4,100,368000,76,4
HOUGANG,4,100,382000,76,10
HOUGANG,4,101,352000,75,1
HOUGANG,4,103,355000,71,1
HOUGANG,4,104,330000,68,1
HOUGANG,4,98,370000,76,4
HOUGANG,4,100,360000,78,4
HOUGANG,4,93,370000,76,13
HOUGANG,4,101,362000,77,1
HOUGANG,4,100,428000,77,7
HOUGANG,4,106,352000,63,4
HOUGANG,4,105,345000,63,1
HOUGANG,4,92,430000,94,10
HOUGANG,4,92,675000,93,16
HOUGANG,4,92,580000,93,4
HOUGANG,4,92,545000,94,13
HOUGANG,4,92,480000,94,4
HOUGANG,4,92,498000,94,13
HOUGANG,4,92,492000,94,13
HOUGANG,4,95,588500,94,19
HOUGANG,4,92,450000,94,4
HOUGANG,5,110,430000,82,10
HOUGANG,5,122,555000,76,13
HOUGANG,5,142,700000,63,4
HOUGANG,5,123,520000,76,10
HOUGANG,5,121,530000,64,7
HOUGANG,5,124,530000,71,1
HOUGANG,5,120,472000,64,4
HOUGANG,5,121,550000,66,4
HOUGANG,5,121,503888,66,7
HOUGANG,5,121,470000,68,7
HOUGANG,5,121,436000,78,1
HOUGANG,5,116,538000,77,7
HOUGANG,5,115,458000,78,4
HOUGANG,5,142,865000,63,10
HOUGANG,5,121,420000,63,4
HOUGANG,5,117,500000,75,13
HOUGANG,5,121,420000,68,1
HOUGANG,5,120,468000,77,10
HOUGANG,5,121,428000,78,1
HOUGANG,5,116,460000,78,4
HOUGANG,5,120,470000,77,10
HOUGANG,5,121,472000,76,7
HOUGANG,5,120,530888,77,13
HOUGANG,5,121,430000,76,1
HOUGANG,5,112,830000,93,16
HOUGANG,5,112,840000,93,16
HOUGANG,5,112,762200,93,7
HOUGANG,5,112,745000,93,7
HOUGANG,5,112,580000,94,10
HOUGANG,5,109,788888,93,13
HOUGANG,5,115,640000,94,1
HOUGANG,5,112,590000,94,1
HOUGANG,5,115,710000,94,16
HOUGANG,5,115,715000,94,10
HOUGANG,5,115,766000,94,16
HOUGANG,5,115,740000,94,13
HOUGANG,6,148,733000,65,1
HOUGANG,6,148,638000,65,4
HOUGANG,6,174,628000,57,10
HOUGANG,6,145,685000,66,1
HOUGANG,6,149,785000,67,10
HOUGANG,6,145,788888,66,10
HOUGANG,6,137,533000,78,1
HOUGANG,6,158,718000,71,10
HOUGANG,6,148,660000,63,10
HOUGANG,4,89,360000,65,10
HOUGANG,2,47,225000,90,4
HOUGANG,2,47,226500,93,16
HOUGANG,3,67,300000,90,1
HOUGANG,3,67,325000,90,13
HOUGANG,3,68,300000,93,1
HOUGANG,3,80,281500,61,1
HOUGANG,3,67,283000,61,1
HOUGANG,3,67,265000,60,10
HOUGANG,3,66,265000,60,4
HOUGANG,3,82,295000,60,4
HOUGANG,3,66,261000,60,13
HOUGANG,3,71,296000,64,4
HOUGANG,3,67,295000,64,1
HOUGANG,3,82,322000,64,10
HOUGANG,3,72,290000,63,1
HOUGANG,3,74,286000,66,4
HOUGANG,3,68,276000,61,7
HOUGANG,3,67,280288,61,10
HOUGANG,3,74,318000,62,10
HOUGANG,3,68,275000,61,7
HOUGANG,3,64,270000,64,1
HOUGANG,3,69,266000,64,1
HOUGANG,3,64,265000,67,7
HOUGANG,3,64,263000,67,1
HOUGANG,3,69,270000,66,10
HOUGANG,3,64,255000,67,1
HOUGANG,3,60,260000,64,10
HOUGANG,3,67,270000,63,7
HOUGANG,3,87,382000,62,1
HOUGANG,3,67,275000,63,4
HOUGANG,3,74,300000,63,7
HOUGANG,3,74,290000,66,7
HOUGANG,3,67,340000,93,4
HOUGANG,3,67,470000,93,7
HOUGANG,3,67,462000,93,7
HOUGANG,3,67,358888,94,16
HOUGANG,4,90,380000,81,16
HOUGANG,4,93,485000,93,19
HOUGANG,4,93,440000,93,16
HOUGANG,4,91,315000,60,1
HOUGANG,4,101,410000,76,13
HOUGANG,4,93,400000,64,10
HOUGANG,4,91,350000,64,4
HOUGANG,4,91,308000,64,1
HOUGANG,4,93,340000,63,4
HOUGANG,4,91,362888,63,7
HOUGANG,4,82,293000,54,1
HOUGANG,4,106,470000,68,7
HOUGANG,4,106,468000,71,7
HOUGANG,4,84,330000,64,4
HOUGANG,4,84,355000,66,10
HOUGANG,4,104,380000,65,4
HOUGANG,4,104,424000,65,4
HOUGANG,4,84,328000,65,10
HOUGANG,4,84,280000,65,1
HOUGANG,4,101,380000,78,7
HOUGANG,4,100,388000,76,10
HOUGANG,4,100,375000,76,7
HOUGANG,4,107,408000,71,1
HOUGANG,4,101,400000,78,4
HOUGANG,4,92,450000,94,4
HOUGANG,4,99,380000,75,4
HOUGANG,4,101,350000,76,1
HOUGANG,4,89,360000,65,1
HOUGANG,4,94,369000,78,13
HOUGANG,4,100,393000,76,13
HOUGANG,4,94,325000,76,1
HOUGANG,4,101,372000,77,7
HOUGANG,4,101,388000,76,10
HOUGANG,4,106,330000,63,1
HOUGANG,4,92,670000,93,13
HOUGANG,4,93,430000,93,4
HOUGANG,4,92,625000,93,13
HOUGANG,4,92,360000,93,1
HOUGANG,4,93,485000,93,13
HOUGANG,4,92,585000,93,7
HOUGANG,4,92,447000,93,7
HOUGANG,4,92,635000,93,4
HOUGANG,4,93,485000,93,10
HOUGANG,4,92,580000,93,1
HOUGANG,4,92,440000,94,4
HOUGANG,4,92,499000,94,7
HOUGANG,4,92,542000,94,7
HOUGANG,4,92,490000,94,13
HOUGANG,5,110,427000,81,10
HOUGANG,5,110,425000,82,4
HOUGANG,5,110,405000,82,4
HOUGANG,5,123,515000,76,4
HOUGANG,5,140,700000,63,4
HOUGANG,5,120,435000,77,1
HOUGANG,5,122,495000,65,7
HOUGANG,5,121,450000,62,1
HOUGANG,5,134,498000,61,7
HOUGANG,5,132,580000,68,4
HOUGANG,5,123,580000,71,4
HOUGANG,5,120,430000,66,4
HOUGANG,5,122,585000,65,4
HOUGANG,5,121,470000,68,7
HOUGANG,5,120,525000,66,16
HOUGANG,5,121,430000,77,1
HOUGANG,5,124,555000,71,7
HOUGANG,5,122,515000,76,1
HOUGANG,5,120,623000,78,7
HOUGANG,5,120,461000,77,4
HOUGANG,5,116,435000,78,4
HOUGANG,5,122,430000,76,1
HOUGANG,5,121,535888,76,13
HOUGANG,5,112,720000,93,13
HOUGANG,5,109,760000,93,10
HOUGANG,5,112,785000,93,13
HOUGANG,5,113,638888,93,4
HOUGANG,5,112,620000,93,13
HOUGANG,5,112,765000,93,13
HOUGANG,5,109,723000,93,4
HOUGANG,5,123,560000,71,4
HOUGANG,5,115,725000,94,13
HOUGANG,6,146,720000,69,10
HOUGANG,6,154,740000,67,1
HOUGANG,6,145,580000,66,1
HOUGANG,6,146,685000,70,4
HOUGANG,6,148,600000,65,4
HOUGANG,6,146,648888,65,1
HOUGANG,6,137,570000,78,4
HOUGANG,6,141,780000,75,1
HOUGANG,6,144,740000,75,1
HOUGANG,6,155,780000,62,1
HOUGANG,6,141,603000,76,7
HOUGANG,6,151,685000,63,4
HOUGANG,6,142,630000,63,10
HOUGANG,2,47,235000,90,10
HOUGANG,2,47,235000,90,10
HOUGANG,3,67,320000,90,10
HOUGANG,3,67,284000,90,1
HOUGANG,3,67,330000,90,10
HOUGANG,3,68,355000,93,13
HOUGANG,3,67,260000,60,1
HOUGANG,3,66,255000,60,4
HOUGANG,3,67,280000,60,10
HOUGANG,3,67,260000,60,1
HOUGANG,3,67,275000,60,1
HOUGANG,3,79,270000,60,4
HOUGANG,3,64,258000,64,1
HOUGANG,3,67,230000,56,1
HOUGANG,3,73,295000,56,1
HOUGANG,3,67,280000,62,7
HOUGANG,3,67,325000,61,7
HOUGANG,3,68,311000,71,7
HOUGANG,3,74,320000,65,10
HOUGANG,3,74,295000,65,7
HOUGANG,3,69,298000,66,1
HOUGANG,3,64,270000,64,4
HOUGANG,3,60,228000,63,1
HOUGANG,3,60,246000,66,1
HOUGANG,3,69,330000,63,1
HOUGANG,3,64,270000,65,7
HOUGANG,3,64,261000,65,1
HOUGANG,3,67,335000,93,4
HOUGANG,3,67,455000,93,13
HOUGANG,3,67,478000,93,10
HOUGANG,3,67,355000,93,4
HOUGANG,3,67,385000,94,7
HOUGANG,3,68,385000,94,4
HOUGANG,4,90,355000,82,16
HOUGANG,4,100,352000,76,1
HOUGANG,4,100,345000,76,1
HOUGANG,4,96,385000,64,1
HOUGANG,4,105,400000,71,7
HOUGANG,4,103,458000,71,7
HOUGANG,4,104,371000,71,1
HOUGANG,4,90,378000,65,7
HOUGANG,4,92,335000,56,7
HOUGANG,4,91,365000,63,10
HOUGANG,4,95,315000,63,1
HOUGANG,4,98,340000,63,4
HOUGANG,4,104,358000,64,1
HOUGANG,4,84,338000,64,4
HOUGANG,4,104,405000,61,13
HOUGANG,4,105,422000,66,10
HOUGANG,4,84,308000,66,1
HOUGANG,4,105,435000,65,10
HOUGANG,4,104,493000,65,7
HOUGANG,4,91,330000,63,1
HOUGANG,4,92,330000,64,4
HOUGANG,4,84,330000,65,4
HOUGANG,4,84,350000,64,10
HOUGANG,4,113,435000,67,4
HOUGANG,4,84,321000,65,1
HOUGANG,4,104,365000,65,1
HOUGANG,4,101,390000,77,10
HOUGANG,4,101,400000,77,4
HOUGANG,4,99,338000,63,7
HOUGANG,4,92,470000,94,4
HOUGANG,4,92,445000,94,1
HOUGANG,4,92,453888,94,1
HOUGANG,4,103,335000,71,1
HOUGANG,4,100,371000,75,4
HOUGANG,4,100,370000,75,4
HOUGANG,4,101,352000,75,1
HOUGANG,4,101,370000,77,4
HOUGANG,4,100,398000,77,4
HOUGANG,4,100,388000,76,7
HOUGANG,4,100,400000,76,13
HOUGANG,4,90,360000,76,1
HOUGANG,4,103,400000,63,10
HOUGANG,4,103,365000,62,4
HOUGANG,4,92,433888,93,7
HOUGANG,4,92,655000,93,16
HOUGANG,4,92,660000,93,16
HOUGANG,4,92,412500,93,4
HOUGANG,4,93,450000,93,4
HOUGANG,4,92,500000,93,19
HOUGANG,4,93,430000,93,4
HOUGANG,4,92,558000,94,16
HOUGANG,4,92,560000,94,10
HOUGANG,4,92,470000,94,7
HOUGANG,4,92,545000,94,16
HOUGANG,4,92,568000,94,16
HOUGANG,5,110,390000,82,1
HOUGANG,5,110,395000,81,7
HOUGANG,5,110,428888,81,13
HOUGANG,5,110,425000,82,10
HOUGANG,5,133,685000,62,1
HOUGANG,5,123,508000,76,10
HOUGANG,5,146,800000,63,1
HOUGANG,5,121,542000,65,4
HOUGANG,5,121,555000,64,7
HOUGANG,5,123,465000,63,10
HOUGANG,5,121,468000,63,10
HOUGANG,5,124,530000,71,10
HOUGANG,5,121,520000,66,4
HOUGANG,5,120,436000,66,1
HOUGANG,5,121,550000,69,10
HOUGANG,5,116,470000,77,7
HOUGANG,5,120,650000,78,10
HOUGANG,5,117,510000,75,13
HOUGANG,5,117,490000,75,7
HOUGANG,5,120,475000,77,10
HOUGANG,5,121,542888,76,13
HOUGANG,5,109,808000,93,10
HOUGANG,5,112,888888,93,16
HOUGANG,5,112,703000,94,16
HOUGANG,5,112,640000,94,16
HOUGANG,5,112,733888,94,19
HOUGANG,5,115,720000,94,7
HOUGANG,6,156,755000,65,4
HOUGANG,6,153,728000,65,1
HOUGANG,6,145,732000,66,7
HOUGANG,6,147,625000,65,4
HOUGANG,6,148,600000,65,7
HOUGANG,6,146,638000,65,1
HOUGANG,6,149,610000,65,4
HOUGANG,6,148,608000,65,1
HOUGANG,6,137,620000,78,13
HOUGANG,6,143,732000,75,1
HOUGANG,6,136,830000,75,10
HOUGANG,6,148,890000,71,4
HOUGANG,6,141,642000,77,10
HOUGANG,6,137,545000,78,1
HOUGANG,6,137,560000,78,7
HOUGANG,6,151,656000,62,4
HOUGANG,6,146,665000,63,7
