town,flat_type,floor_area_sqm,resale_price,remaining_lease,storey_range
PASIR RIS,3,66,286000,63,4
PASIR RIS,4,105,368000,78,1
PASIR RIS,4,105,368000,78,1
PASIR RIS,4,104,377000,78,1
PASIR RIS,4,103,380000,72,4
PASIR RIS,4,104,385000,77,10
PASIR RIS,4,104,385000,78,4
PASIR RIS,4,103,388000,71,1
PASIR RIS,4,105,390000,71,4
PASIR RIS,4,104,398000,78,10
PASIR RIS,4,103,400000,71,4
PASIR RIS,4,103,405000,71,10
PASIR RIS,4,113,406000,71,7
PASIR RIS,4,108,406000,75,4
PASIR RIS,4,104,410000,74,7
PASIR RIS,4,106,420000,75,7
PASIR RIS,4,108,420000,77,7
PASIR RIS,4,111,430000,78,13
PASIR RIS,4,105,432000,71,7
PASIR RIS,4,108,450000,75,13
PASIR RIS,5,124,430000,75,1
PASIR RIS,5,123,440000,74,4
PASIR RIS,5,120,445000,72,4
PASIR RIS,5,126,450000,75,4
PASIR RIS,5,126,465000,78,4
PASIR RIS,5,127,473000,78,4
PASIR RIS,5,127,482000,75,4
PASIR RIS,5,125,485000,75,4
PASIR RIS,5,121,488000,77,10
PASIR RIS,5,123,490000,75,10
PASIR RIS,5,121,501000,74,7
PASIR RIS,5,128,521000,75,7
PASIR RIS,5,131,545000,71,10
PASIR RIS,6,147,552888,75,10
PASIR RIS,6,155,598000,71,1
PASIR RIS,6,161,600000,75,10
PASIR RIS,6,146,638000,70,10
PASIR RIS,6,165,728000,74,4
PASIR RIS,4,105,375000,75,7
PASIR RIS,4,104,385000,78,1
PASIR RIS,4,111,395000,78,1
PASIR RIS,4,103,400000,71,10
PASIR RIS,4,106,403000,71,1
PASIR RIS,4,110,425000,71,1
PASIR RIS,4,105,435000,71,7
PASIR RIS,4,113,450000,77,4
PASIR RIS,5,126,420000,78,7
PASIR RIS,5,128,437000,78,7
PASIR RIS,5,127,440000,76,1
PASIR RIS,5,123,445000,74,1
PASIR RIS,5,123,450000,74,4
PASIR RIS,5,122,465000,77,4
PASIR RIS,5,122,465000,71,1
PASIR RIS,5,126,475000,76,7
PASIR RIS,5,126,478000,75,10
PASIR RIS,5,126,482000,78,7
PASIR RIS,6,143,505000,77,1
PASIR RIS,6,148,505000,76,1
PASIR RIS,6,146,530000,78,4
PASIR RIS,6,146,542000,75,7
PASIR RIS,6,149,550000,77,10
PASIR RIS,6,148,561000,75,10
PASIR RIS,6,149,583000,74,7
PASIR RIS,6,146,588000,70,4
PASIR RIS,6,143,618000,74,10
PASIR RIS,6,154,658000,71,7
PASIR RIS,6,144,670000,78,13
PASIR RIS,6,150,690000,77,7
PASIR RIS,4,103,406000,72,10
PASIR RIS,4,84,365000,70,7
PASIR RIS,4,108,370000,76,7
PASIR RIS,4,104,370000,71,1
PASIR RIS,4,105,370000,78,4
PASIR RIS,4,84,375000,70,4
PASIR RIS,4,104,377000,78,1
PASIR RIS,4,106,378000,75,1
PASIR RIS,4,106,380000,71,1
PASIR RIS,4,105,380000,75,1
PASIR RIS,4,106,380000,75,1
PASIR RIS,4,105,380000,78,4
PASIR RIS,4,104,382000,77,10
PASIR RIS,4,106,388000,71,4
PASIR RIS,4,105,389000,71,4
PASIR RIS,4,106,390000,71,4
PASIR RIS,4,105,395000,71,1
PASIR RIS,4,105,400000,74,4
PASIR RIS,4,106,400000,75,4
PASIR RIS,4,106,400000,75,7
PASIR RIS,4,106,400888,75,4
PASIR RIS,4,111,402000,77,4
PASIR RIS,4,103,407000,71,4
PASIR RIS,4,104,409000,78,10
PASIR RIS,4,103,428000,71,10
PASIR RIS,4,112,457000,77,7
PASIR RIS,4,113,537000,77,13
PASIR RIS,5,126,430000,76,1
PASIR RIS,5,134,437000,76,1
PASIR RIS,5,123,450000,77,4
PASIR RIS,5,123,450000,75,7
PASIR RIS,5,128,455000,78,10
PASIR RIS,5,126,455000,78,10
PASIR RIS,5,120,459000,72,4
PASIR RIS,5,128,465000,75,4
PASIR RIS,5,126,465000,78,7
PASIR RIS,5,128,468000,78,7
PASIR RIS,5,121,470000,74,10
PASIR RIS,5,125,473000,78,7
PASIR RIS,5,123,475000,71,4
PASIR RIS,5,121,475000,74,4
PASIR RIS,5,123,475000,75,7
PASIR RIS,5,128,475000,75,10
PASIR RIS,5,127,475000,78,13
PASIR RIS,5,123,480000,71,4
PASIR RIS,5,126,480000,75,7
PASIR RIS,5,126,480000,76,4
PASIR RIS,5,123,485000,75,10
PASIR RIS,5,122,488000,77,7
PASIR RIS,5,122,488000,71,1
PASIR RIS,5,126,490000,75,10
PASIR RIS,5,121,490000,74,4
PASIR RIS,5,124,495000,75,4
PASIR RIS,5,132,500000,71,7
PASIR RIS,5,123,500000,75,4
PASIR RIS,5,134,510000,78,10
PASIR RIS,5,121,516000,74,10
PASIR RIS,5,126,520000,77,7
PASIR RIS,5,128,468000,78,7
PASIR RIS,6,150,520000,75,4
PASIR RIS,6,147,530000,76,1
PASIR RIS,6,150,532500,75,10
PASIR RIS,6,149,538500,75,1
PASIR RIS,6,148,545000,75,7
PASIR RIS,6,148,545000,75,7
PASIR RIS,6,148,570000,75,13
PASIR RIS,6,142,595000,74,10
PASIR RIS,6,154,600000,77,4
PASIR RIS,6,146,600000,70,4
PASIR RIS,6,146,618000,77,10
PASIR RIS,6,144,620000,75,7
PASIR RIS,6,154,643000,77,1
PASIR RIS,6,145,646000,77,13
PASIR RIS,6,146,658000,71,1
PASIR RIS,6,143,668000,78,13
PASIR RIS,6,151,690000,71,10
PASIR RIS,6,146,700000,75,13
PASIR RIS,6,144,710000,74,10
PASIR RIS,6,153,722000,71,7
PASIR RIS,6,145,738000,74,7
PASIR RIS,3,66,320000,62,1
PASIR RIS,4,110,311000,75,1
PASIR RIS,4,104,365000,78,1
PASIR RIS,4,105,365000,78,1
PASIR RIS,4,105,365000,78,7
PASIR RIS,4,103,370000,70,1
PASIR RIS,4,108,375000,75,1
PASIR RIS,4,104,375000,78,1
PASIR RIS,4,104,378000,77,4
PASIR RIS,4,104,380000,78,1
PASIR RIS,4,104,385000,78,7
PASIR RIS,4,106,385000,70,1
PASIR RIS,4,104,385888,77,7
PASIR RIS,4,104,388000,77,7
PASIR RIS,4,104,388888,78,7
PASIR RIS,4,104,390000,77,10
PASIR RIS,4,104,390000,78,7
PASIR RIS,4,106,395000,71,1
PASIR RIS,4,107,395000,75,4
PASIR RIS,4,105,397000,75,7
PASIR RIS,4,106,405000,78,1
PASIR RIS,4,104,405000,78,7
PASIR RIS,4,107,405000,78,4
PASIR RIS,4,106,410000,78,10
PASIR RIS,4,117,410000,76,7
PASIR RIS,4,106,413000,78,13
PASIR RIS,4,106,430000,72,10
PASIR RIS,4,107,441800,75,7
PASIR RIS,5,127,440000,75,1
PASIR RIS,5,123,442000,74,4
PASIR RIS,5,124,460000,77,4
PASIR RIS,5,126,465000,75,7
PASIR RIS,5,123,465000,77,1
PASIR RIS,5,121,466000,77,7
PASIR RIS,5,128,466000,75,1
PASIR RIS,5,123,468000,77,7
PASIR RIS,5,131,475000,75,10
PASIR RIS,5,121,475000,74,7
PASIR RIS,5,121,478000,77,4
PASIR RIS,5,120,485000,77,10
PASIR RIS,5,122,486888,77,10
PASIR RIS,5,129,490000,78,7
PASIR RIS,5,122,500000,71,7
PASIR RIS,5,134,508000,78,7
PASIR RIS,5,132,520000,75,7
PASIR RIS,5,126,545000,78,7
PASIR RIS,5,123,468000,77,7
PASIR RIS,6,148,470500,75,1
PASIR RIS,6,145,515000,76,1
PASIR RIS,6,144,523000,76,4
PASIR RIS,6,147,540000,75,7
PASIR RIS,6,149,545000,75,7
PASIR RIS,6,145,553000,77,7
PASIR RIS,6,149,585000,76,4
PASIR RIS,6,144,618000,75,7
PASIR RIS,6,143,630000,78,4
PASIR RIS,6,143,636000,78,4
PASIR RIS,6,149,640000,77,1
PASIR RIS,6,143,650000,78,7
PASIR RIS,6,145,668000,77,4
PASIR RIS,6,146,690000,71,4
PASIR RIS,6,145,700000,72,4
PASIR RIS,6,155,722000,71,10
PASIR RIS,4,105,360000,76,4
PASIR RIS,4,103,370100,70,7
PASIR RIS,4,104,377000,78,1
PASIR RIS,4,107,378000,78,1
PASIR RIS,4,104,379000,78,7
PASIR RIS,4,103,380000,70,10
PASIR RIS,4,104,380000,75,4
PASIR RIS,4,104,390000,77,4
PASIR RIS,4,105,390000,78,10
PASIR RIS,4,104,400000,77,4
PASIR RIS,4,102,400000,71,4
PASIR RIS,4,108,405000,70,7
PASIR RIS,4,104,408888,77,4
PASIR RIS,4,107,410000,78,7
PASIR RIS,4,107,415000,78,13
PASIR RIS,4,104,420000,70,10
PASIR RIS,4,104,422000,78,10
PASIR RIS,4,104,423888,77,7
PASIR RIS,4,106,430000,75,7
PASIR RIS,4,108,438000,75,10
PASIR RIS,4,106,440000,70,7
PASIR RIS,4,108,460000,77,13
PASIR RIS,4,106,462500,71,7
PASIR RIS,4,113,480000,71,13
PASIR RIS,4,104,488000,76,13
PASIR RIS,5,128,425000,75,4
PASIR RIS,5,123,430000,71,1
PASIR RIS,5,124,445000,78,1
PASIR RIS,5,128,455000,75,7
PASIR RIS,5,123,459000,74,7
PASIR RIS,5,122,460000,74,1
PASIR RIS,5,126,465000,75,4
PASIR RIS,5,123,466000,77,10
PASIR RIS,5,132,470000,70,1
PASIR RIS,5,120,477000,74,4
PASIR RIS,5,127,480000,78,1
PASIR RIS,5,127,485000,78,7
PASIR RIS,5,122,492000,77,13
PASIR RIS,5,122,499000,71,4
PASIR RIS,5,140,520000,75,4
PASIR RIS,5,135,545000,77,7
PASIR RIS,5,124,560000,77,4
PASIR RIS,6,150,520000,75,10
PASIR RIS,6,146,538000,75,10
PASIR RIS,6,147,545000,75,10
PASIR RIS,6,158,555000,75,7
PASIR RIS,6,146,560000,74,4
PASIR RIS,6,149,565000,75,7
PASIR RIS,6,152,600000,76,7
PASIR RIS,6,146,619000,70,10
PASIR RIS,6,147,620000,75,7
PASIR RIS,6,144,620000,74,10
PASIR RIS,6,148,625000,78,13
PASIR RIS,6,151,660000,71,10
PASIR RIS,6,149,685000,76,13
PASIR RIS,6,146,695000,74,7
PASIR RIS,6,149,700000,74,10
PASIR RIS,6,147,740000,71,10
PASIR RIS,6,154,765000,74,10
PASIR RIS,3,77,320000,62,1
PASIR RIS,4,84,363000,70,7
PASIR RIS,4,104,375000,77,4
PASIR RIS,4,103,375000,71,10
PASIR RIS,4,104,380000,78,4
PASIR RIS,4,104,382000,78,4
PASIR RIS,4,104,385000,74,4
PASIR RIS,4,104,390000,77,4
PASIR RIS,4,104,395000,71,1
PASIR RIS,4,105,400000,71,4
PASIR RIS,4,107,400000,75,13
PASIR RIS,4,104,400000,78,4
PASIR RIS,4,104,405000,70,7
PASIR RIS,4,108,408000,75,4
PASIR RIS,4,106,408000,78,13
PASIR RIS,4,105,410000,71,4
PASIR RIS,4,103,410000,70,1
PASIR RIS,4,105,410000,78,1
PASIR RIS,4,106,426000,71,1
PASIR RIS,4,103,430000,71,7
PASIR RIS,4,111,435000,78,7
PASIR RIS,4,105,445000,74,7
PASIR RIS,4,113,447000,71,4
PASIR RIS,5,126,440000,77,1
PASIR RIS,5,127,458000,78,7
PASIR RIS,5,124,460000,78,7
PASIR RIS,5,123,460000,75,1
PASIR RIS,5,123,470000,74,10
PASIR RIS,5,128,475000,75,1
PASIR RIS,5,127,485000,78,10
PASIR RIS,5,125,488000,75,7
PASIR RIS,5,123,498000,78,16
PASIR RIS,5,140,510000,75,10
PASIR RIS,5,124,530000,71,13
PASIR RIS,5,123,550000,74,7
PASIR RIS,6,146,505000,75,1
PASIR RIS,6,158,565000,75,7
PASIR RIS,6,148,570000,75,10
PASIR RIS,6,147,590000,75,4
PASIR RIS,6,148,610000,75,10
PASIR RIS,6,149,620000,75,4
PASIR RIS,6,145,630000,75,10
PASIR RIS,6,147,645000,71,4
PASIR RIS,6,144,670000,74,10
PASIR RIS,6,146,682000,75,10
PASIR RIS,6,144,708000,77,10
PASIR RIS,6,147,728000,74,10
PASIR RIS,6,144,740000,74,10
PASIR RIS,3,66,295000,63,1
PASIR RIS,4,84,330000,70,4
PASIR RIS,4,84,359000,70,10
PASIR RIS,4,104,370000,78,1
PASIR RIS,4,105,385000,71,4
PASIR RIS,4,105,385000,78,13
PASIR RIS,4,108,390000,75,7
PASIR RIS,4,104,395000,77,1
PASIR RIS,4,106,395000,75,4
PASIR RIS,4,107,395000,75,1
PASIR RIS,4,105,396000,78,13
PASIR RIS,4,106,400000,75,4
PASIR RIS,4,111,400888,71,7
PASIR RIS,4,105,405000,71,1
PASIR RIS,4,104,410000,77,7
PASIR RIS,4,104,410000,78,13
PASIR RIS,4,104,418000,78,7
PASIR RIS,4,109,425000,74,1
PASIR RIS,4,103,430000,71,10
PASIR RIS,4,104,435000,70,7
PASIR RIS,4,105,436000,71,7
PASIR RIS,4,113,438888,71,10
PASIR RIS,4,116,440000,70,10
PASIR RIS,4,105,443000,74,7
PASIR RIS,4,105,455000,71,7
PASIR RIS,4,110,480000,77,13
PASIR RIS,5,123,450000,75,13
PASIR RIS,5,127,455000,77,1
PASIR RIS,5,122,463800,75,4
PASIR RIS,5,125,465000,78,4
PASIR RIS,5,123,470000,74,4
PASIR RIS,5,125,478000,74,7
PASIR RIS,5,127,482000,77,1
PASIR RIS,5,123,505000,74,7
PASIR RIS,5,128,518000,75,4
PASIR RIS,6,146,520000,75,4
PASIR RIS,6,147,535000,75,7
PASIR RIS,6,146,540000,76,1
PASIR RIS,6,148,540000,75,1
PASIR RIS,6,147,580000,76,7
PASIR RIS,6,146,595000,77,7
PASIR RIS,6,149,595000,75,13
PASIR RIS,6,146,600000,78,4
PASIR RIS,6,149,630000,76,4
PASIR RIS,6,147,635000,74,10
PASIR RIS,6,146,635000,70,10
PASIR RIS,6,146,643880,75,10
PASIR RIS,6,145,660000,70,1
PASIR RIS,6,146,668888,77,4
PASIR RIS,6,147,778000,71,10
PASIR RIS,3,66,255000,63,1
PASIR RIS,4,105,363000,70,7
PASIR RIS,4,103,368000,71,4
PASIR RIS,4,104,370000,76,1
PASIR RIS,4,104,370000,76,1
PASIR RIS,4,106,380000,70,1
PASIR RIS,4,116,383000,76,4
PASIR RIS,4,105,385000,78,7
PASIR RIS,4,106,390000,71,1
PASIR RIS,4,94,390000,71,7
PASIR RIS,4,106,390000,78,1
PASIR RIS,4,104,395000,74,10
PASIR RIS,4,105,400000,78,10
PASIR RIS,4,106,405000,75,4
PASIR RIS,4,106,408000,74,7
PASIR RIS,4,106,409000,70,4
PASIR RIS,4,103,426000,70,13
PASIR RIS,4,104,430000,71,4
PASIR RIS,4,112,431000,71,7
PASIR RIS,4,103,438000,71,10
PASIR RIS,4,106,438000,74,7
PASIR RIS,4,104,445000,74,13
PASIR RIS,4,113,469000,71,13
PASIR RIS,4,113,469000,71,13
PASIR RIS,5,126,400000,75,1
PASIR RIS,5,128,425000,74,4
PASIR RIS,5,126,428000,76,10
PASIR RIS,5,125,437500,75,4
PASIR RIS,5,122,445000,70,10
PASIR RIS,5,128,455000,78,7
PASIR RIS,5,127,460000,76,7
PASIR RIS,5,122,465000,77,4
PASIR RIS,5,126,475000,76,7
PASIR RIS,5,124,490000,78,13
PASIR RIS,5,123,492000,74,4
PASIR RIS,5,121,495000,78,7
PASIR RIS,5,134,500000,75,4
PASIR RIS,5,124,500000,78,13
PASIR RIS,5,123,535000,74,4
PASIR RIS,6,147,520000,75,1
PASIR RIS,6,147,550000,75,4
PASIR RIS,6,148,560000,74,7
PASIR RIS,6,147,575000,74,13
PASIR RIS,6,144,580000,74,1
PASIR RIS,6,149,602888,76,4
PASIR RIS,6,154,609999,71,1
PASIR RIS,6,146,640000,70,4
PASIR RIS,6,149,670000,74,4
PASIR RIS,6,146,678000,74,10
PASIR RIS,6,156,690000,74,4
PASIR RIS,6,146,768000,77,7
PASIR RIS,4,104,395000,78,10
PASIR RIS,3,66,305000,62,4
PASIR RIS,4,104,375000,76,4
PASIR RIS,4,105,380000,77,1
PASIR RIS,4,104,388000,76,7
PASIR RIS,4,104,390000,76,7
PASIR RIS,4,112,398000,77,1
PASIR RIS,4,107,398000,75,4
PASIR RIS,4,109,400000,76,1
PASIR RIS,4,105,400000,70,7
PASIR RIS,4,104,405000,71,4
PASIR RIS,4,103,409000,71,7
PASIR RIS,4,104,410000,76,10
PASIR RIS,4,112,418000,77,4
PASIR RIS,4,105,420000,78,10
PASIR RIS,4,108,422000,77,1
PASIR RIS,4,111,438000,77,10
PASIR RIS,4,105,445000,74,10
PASIR RIS,4,104,445000,75,7
PASIR RIS,4,108,455000,75,13
PASIR RIS,5,121,400000,76,1
PASIR RIS,5,128,425000,76,7
PASIR RIS,5,128,428000,78,1
PASIR RIS,5,125,432000,78,1
PASIR RIS,5,122,450000,75,10
PASIR RIS,5,128,455000,75,7
PASIR RIS,5,122,465000,70,4
PASIR RIS,5,122,465000,70,10
PASIR RIS,5,121,465000,78,7
PASIR RIS,5,128,468000,75,10
PASIR RIS,5,127,470888,77,4
PASIR RIS,5,127,474000,78,10
PASIR RIS,5,123,485000,74,7
PASIR RIS,5,127,488000,77,7
PASIR RIS,5,127,490000,78,7
PASIR RIS,5,125,498000,78,13
PASIR RIS,5,126,505000,78,13
PASIR RIS,5,128,510000,71,4
PASIR RIS,5,125,520000,77,13
PASIR RIS,5,127,530000,75,13
PASIR RIS,5,128,468000,75,10
PASIR RIS,6,146,512000,74,4
PASIR RIS,6,149,542000,76,1
PASIR RIS,6,148,550000,77,4
PASIR RIS,6,148,560000,75,4
PASIR RIS,6,148,580000,77,7
PASIR RIS,6,149,583000,77,10
PASIR RIS,6,142,621000,74,10
PASIR RIS,6,150,640000,74,10
PASIR RIS,6,145,718000,71,4
PASIR RIS,6,145,750000,74,7
PASIR RIS,4,108,388000,75,10
PASIR RIS,4,104,372000,76,4
PASIR RIS,4,105,388000,77,1
PASIR RIS,4,103,393800,70,7
PASIR RIS,4,105,395000,77,4
PASIR RIS,4,108,396000,75,4
PASIR RIS,4,103,400000,70,4
PASIR RIS,4,104,400000,76,10
PASIR RIS,4,107,400000,75,7
PASIR RIS,4,104,400000,78,4
PASIR RIS,4,105,400000,78,10
PASIR RIS,4,107,402000,74,10
PASIR RIS,4,104,420000,77,13
PASIR RIS,4,111,435000,77,4
PASIR RIS,4,104,440000,75,7
PASIR RIS,4,103,445000,71,7
PASIR RIS,4,112,455000,74,10
PASIR RIS,5,125,440000,74,4
PASIR RIS,5,125,445000,78,1
PASIR RIS,5,122,448000,76,7
PASIR RIS,5,126,450000,75,1
PASIR RIS,5,123,470000,74,7
PASIR RIS,5,128,473000,77,7
PASIR RIS,5,122,475000,76,4
PASIR RIS,5,122,477000,71,4
PASIR RIS,5,126,480000,78,7
PASIR RIS,5,127,485000,77,10
PASIR RIS,5,125,485000,77,10
PASIR RIS,5,127,488000,77,10
PASIR RIS,5,128,490000,75,7
PASIR RIS,5,123,502000,74,1
PASIR RIS,5,123,508000,74,7
PASIR RIS,5,136,510000,74,7
PASIR RIS,6,145,500000,77,1
PASIR RIS,6,148,520000,75,10
PASIR RIS,6,149,525000,74,1
PASIR RIS,6,147,570000,74,10
PASIR RIS,6,149,570000,74,4
PASIR RIS,6,146,575000,69,4
PASIR RIS,6,152,582000,76,4
PASIR RIS,6,148,585000,77,4
PASIR RIS,6,148,590000,77,13
PASIR RIS,6,149,630000,76,4
PASIR RIS,6,143,635000,77,1
PASIR RIS,6,149,640000,76,1
PASIR RIS,6,143,650000,77,13
PASIR RIS,6,155,652000,76,4
PASIR RIS,6,146,658000,75,10
PASIR RIS,6,146,660000,74,13
PASIR RIS,6,146,665000,77,7
PASIR RIS,6,145,672000,75,7
PASIR RIS,6,151,695000,71,10
PASIR RIS,6,144,755000,74,13
PASIR RIS,6,144,765000,74,7
PASIR RIS,5,122,522000,71,7
PASIR RIS,4,104,370000,76,1
PASIR RIS,4,107,388000,75,7
PASIR RIS,4,105,392000,70,4
PASIR RIS,4,105,400000,73,1
PASIR RIS,4,104,410000,74,1
PASIR RIS,4,105,413000,71,1
PASIR RIS,4,105,415000,78,4
PASIR RIS,4,106,418000,70,7
PASIR RIS,4,111,423000,76,10
PASIR RIS,4,105,430000,70,1
PASIR RIS,4,105,433000,71,7
PASIR RIS,4,104,434000,70,4
PASIR RIS,4,112,498000,76,13
PASIR RIS,5,122,420000,71,4
PASIR RIS,5,122,425000,76,1
PASIR RIS,5,121,425000,78,1
PASIR RIS,5,120,430000,76,1
PASIR RIS,5,127,438000,77,1
PASIR RIS,5,123,448000,74,10
PASIR RIS,5,122,450000,70,4
PASIR RIS,5,127,450000,74,7
PASIR RIS,5,126,450888,74,13
PASIR RIS,5,122,460000,71,4
PASIR RIS,5,136,468000,75,1
PASIR RIS,5,125,470000,74,4
PASIR RIS,5,121,475000,73,7
PASIR RIS,5,122,475000,76,10
PASIR RIS,5,127,477000,78,4
PASIR RIS,5,123,480000,74,7
PASIR RIS,5,128,480000,77,4
PASIR RIS,5,122,480000,70,7
PASIR RIS,5,134,488000,76,4
PASIR RIS,5,124,495000,77,13
PASIR RIS,5,126,498000,77,10
PASIR RIS,5,128,500000,77,13
PASIR RIS,5,127,500000,77,7
PASIR RIS,5,122,506000,71,7
PASIR RIS,5,127,512000,75,4
PASIR RIS,5,126,520000,74,10
PASIR RIS,5,128,527000,75,7
PASIR RIS,5,125,528000,73,7
PASIR RIS,5,128,530000,77,7
PASIR RIS,5,134,550000,75,7
PASIR RIS,5,136,468000,75,1
PASIR RIS,6,150,525000,74,7
PASIR RIS,6,147,540000,77,4
PASIR RIS,6,148,550000,74,1
PASIR RIS,6,147,550000,74,7
PASIR RIS,6,151,555000,70,7
PASIR RIS,6,148,565000,74,10
PASIR RIS,6,146,575000,70,1
PASIR RIS,6,146,577000,76,7
PASIR RIS,6,146,590000,73,4
PASIR RIS,6,143,620000,73,1
PASIR RIS,6,146,638000,70,10
PASIR RIS,6,144,665000,75,4
PASIR RIS,6,148,755000,73,4
PASIR RIS,4,110,395000,77,1
PASIR RIS,4,104,390000,76,13
PASIR RIS,4,104,405000,76,7
PASIR RIS,4,104,410000,76,10
PASIR RIS,4,112,448000,74,4
PASIR RIS,4,104,412000,71,1
PASIR RIS,4,114,440000,70,4
PASIR RIS,4,116,442000,70,10
PASIR RIS,4,107,400000,74,7
PASIR RIS,4,106,420000,77,10
PASIR RIS,4,105,376000,77,1
PASIR RIS,4,105,403000,77,16
PASIR RIS,4,104,388000,77,7
PASIR RIS,4,104,430000,77,4
PASIR RIS,4,105,395000,77,4
PASIR RIS,4,108,420000,77,10
PASIR RIS,4,104,380000,77,4
PASIR RIS,5,120,438000,76,1
PASIR RIS,5,127,462000,74,7
PASIR RIS,5,124,460000,74,10
PASIR RIS,5,121,465000,70,7
PASIR RIS,5,122,500000,71,13
PASIR RIS,5,123,485000,70,7
PASIR RIS,5,123,465000,74,7
PASIR RIS,5,126,475000,74,1
PASIR RIS,5,126,485000,74,7
PASIR RIS,5,129,470000,75,4
PASIR RIS,5,124,432000,74,1
PASIR RIS,5,123,505000,74,7
PASIR RIS,5,123,475000,74,10
PASIR RIS,5,122,450000,74,4
PASIR RIS,5,127,545000,75,13
PASIR RIS,5,127,470000,77,1
PASIR RIS,5,126,430000,77,7
PASIR RIS,6,150,680000,76,10
PASIR RIS,6,144,758000,74,13
PASIR RIS,6,148,690000,74,1
PASIR RIS,6,143,530000,76,4
PASIR RIS,6,158,570000,74,7
PASIR RIS,6,149,635000,74,4
PASIR RIS,6,150,530000,74,1
PASIR RIS,6,146,580000,74,13
PASIR RIS,6,146,602000,74,1
PASIR RIS,6,149,525000,77,1
PASIR RIS,3,66,295000,62,4
PASIR RIS,4,106,370000,77,1
PASIR RIS,4,104,378000,77,7
PASIR RIS,4,104,380000,73,1
PASIR RIS,4,105,381000,77,4
PASIR RIS,4,104,390000,76,7
PASIR RIS,4,105,420000,70,4
PASIR RIS,4,113,420000,70,4
PASIR RIS,4,106,430000,75,13
PASIR RIS,4,108,436000,76,10
PASIR RIS,4,105,438000,70,4
PASIR RIS,4,116,440000,70,4
PASIR RIS,5,122,428000,76,1
PASIR RIS,5,126,432500,75,4
PASIR RIS,5,127,478000,77,4
PASIR RIS,5,126,480000,74,7
PASIR RIS,5,125,495000,77,16
PASIR RIS,5,123,508000,77,13
PASIR RIS,6,147,518000,77,1
PASIR RIS,6,145,520000,74,1
PASIR RIS,6,146,550000,74,10
PASIR RIS,6,149,550000,74,4
PASIR RIS,6,147,580000,74,1
PASIR RIS,6,147,590000,69,1
PASIR RIS,6,149,605000,76,1
PASIR RIS,6,146,635000,75,4
PASIR RIS,6,154,645000,76,7
PASIR RIS,6,153,680000,70,1
PASIR RIS,6,146,680000,70,4
PASIR RIS,3,74,330000,62,4
PASIR RIS,4,105,370000,73,4
PASIR RIS,4,84,375000,69,10
PASIR RIS,4,105,378000,77,1
PASIR RIS,4,106,380000,70,1
PASIR RIS,4,103,400000,70,4
PASIR RIS,4,104,405000,76,7
PASIR RIS,4,105,405000,70,7
PASIR RIS,4,110,410000,76,1
PASIR RIS,4,106,410000,74,7
PASIR RIS,4,107,412000,74,4
PASIR RIS,4,106,415000,70,1
PASIR RIS,4,106,420000,74,4
PASIR RIS,4,111,450000,77,4
PASIR RIS,5,123,470000,74,4
PASIR RIS,5,135,485000,74,4
PASIR RIS,5,123,486000,70,7
PASIR RIS,5,136,488000,75,7
PASIR RIS,5,124,563000,76,7
PASIR RIS,6,148,550000,76,4
PASIR RIS,6,146,575000,74,10
PASIR RIS,6,148,580000,76,7
PASIR RIS,6,142,585000,73,1
PASIR RIS,6,145,588000,74,4
PASIR RIS,6,145,605000,74,4
PASIR RIS,6,143,650000,77,7
PASIR RIS,6,147,805000,76,10
PASIR RIS,6,147,808000,71,10
PASIR RIS,4,105,358000,77,1
PASIR RIS,4,105,372000,77,1
PASIR RIS,4,106,375000,70,1
PASIR RIS,4,111,375000,70,1
PASIR RIS,4,106,380000,74,7
PASIR RIS,4,105,395000,70,7
PASIR RIS,4,106,405000,71,7
PASIR RIS,4,105,418000,77,4
PASIR RIS,4,103,420000,70,4
PASIR RIS,4,108,420000,77,10
PASIR RIS,4,105,425000,70,1
PASIR RIS,4,106,425000,70,1
PASIR RIS,4,113,433000,71,10
PASIR RIS,4,106,440000,70,10
PASIR RIS,4,106,442888,70,7
PASIR RIS,4,114,443000,70,7
PASIR RIS,4,105,448000,70,7
PASIR RIS,4,114,458000,71,7
PASIR RIS,5,121,410000,74,1
PASIR RIS,5,120,430000,71,1
PASIR RIS,5,138,460000,74,10
PASIR RIS,5,127,465000,77,4
PASIR RIS,5,123,475000,70,4
PASIR RIS,5,128,475000,77,13
PASIR RIS,5,135,478000,74,4
PASIR RIS,5,123,480000,73,4
PASIR RIS,5,127,488888,77,7
PASIR RIS,5,137,490000,74,7
PASIR RIS,5,125,515000,74,4
PASIR RIS,5,140,546000,74,10
PASIR RIS,6,144,500000,73,1
PASIR RIS,6,148,530000,77,4
PASIR RIS,6,148,540000,77,7
PASIR RIS,6,147,543000,74,4
PASIR RIS,6,147,550000,74,7
PASIR RIS,6,147,553000,74,10
PASIR RIS,6,152,555000,74,4
PASIR RIS,6,150,558000,74,7
PASIR RIS,6,144,570000,75,4
PASIR RIS,6,144,575000,75,7
PASIR RIS,6,149,577000,75,4
PASIR RIS,6,149,585000,69,1
PASIR RIS,6,150,585000,74,7
PASIR RIS,6,149,590000,75,4
PASIR RIS,6,159,595000,75,1
PASIR RIS,6,148,598000,74,7
PASIR RIS,6,149,600000,74,10
PASIR RIS,6,143,600000,77,7
PASIR RIS,6,145,650000,76,10
PASIR RIS,6,145,650000,77,7
PASIR RIS,6,150,680000,76,10
PASIR RIS,6,146,700000,74,13
PASIR RIS,6,152,700000,71,4
PASIR RIS,4,107,340000,74,1
PASIR RIS,4,84,360000,69,7
PASIR RIS,4,104,360000,74,1
PASIR RIS,4,103,370000,70,1
PASIR RIS,4,104,378000,69,1
PASIR RIS,4,107,380000,74,4
PASIR RIS,4,104,395000,77,7
PASIR RIS,4,105,400000,70,1
PASIR RIS,4,105,402000,77,7
PASIR RIS,4,103,405000,77,10
PASIR RIS,4,105,405000,70,7
PASIR RIS,4,104,410000,77,4
PASIR RIS,4,105,418000,73,7
PASIR RIS,4,104,418000,74,10
PASIR RIS,4,106,426500,71,4
PASIR RIS,4,104,430000,70,1
PASIR RIS,4,114,430000,70,4
PASIR RIS,4,113,437000,69,13
PASIR RIS,4,113,448000,70,10
PASIR RIS,5,126,425000,74,10
PASIR RIS,5,124,430000,74,4
PASIR RIS,5,128,445000,77,4
PASIR RIS,5,123,458000,74,7
PASIR RIS,5,126,460000,74,1
PASIR RIS,5,122,460000,70,7
PASIR RIS,5,138,465000,75,4
PASIR RIS,5,126,468000,77,4
PASIR RIS,5,139,480000,74,7
PASIR RIS,5,126,480000,77,7
PASIR RIS,5,120,484000,76,7
PASIR RIS,5,127,490000,76,7
PASIR RIS,5,127,498000,77,7
PASIR RIS,5,122,530000,70,13
PASIR RIS,5,128,535000,74,10
PASIR RIS,5,134,545000,77,7
PASIR RIS,5,134,560000,77,13
PASIR RIS,6,150,500000,74,4
PASIR RIS,6,148,510000,74,4
PASIR RIS,6,146,519000,74,4
PASIR RIS,6,146,520000,75,4
PASIR RIS,6,148,560000,76,4
PASIR RIS,6,143,575000,77,4
PASIR RIS,6,149,593000,76,7
PASIR RIS,6,145,595000,74,1
PASIR RIS,6,148,600000,74,4
PASIR RIS,6,146,610000,74,1
PASIR RIS,6,158,610000,74,7
PASIR RIS,6,148,630000,77,10
PASIR RIS,6,144,640000,73,7
PASIR RIS,6,149,650000,70,4
PASIR RIS,6,147,675000,74,4
PASIR RIS,6,145,685000,76,4
PASIR RIS,6,148,706000,73,7
PASIR RIS,6,147,710000,73,1
PASIR RIS,6,144,718888,73,13
PASIR RIS,6,144,720000,73,7
PASIR RIS,6,148,738000,76,4
PASIR RIS,6,144,750000,73,7
PASIR RIS,5,122,430000,76,4
PASIR RIS,4,104,360000,74,1
PASIR RIS,4,107,380000,74,7
PASIR RIS,4,103,388000,70,10
PASIR RIS,4,103,388000,71,4
PASIR RIS,4,107,390000,77,1
PASIR RIS,4,104,392000,76,7
PASIR RIS,4,104,395000,76,1
PASIR RIS,4,106,400000,70,1
PASIR RIS,4,104,400000,69,4
PASIR RIS,4,105,400000,70,1
PASIR RIS,4,106,400000,74,7
PASIR RIS,4,103,410000,70,7
PASIR RIS,4,106,410000,74,7
PASIR RIS,4,113,414000,69,4
PASIR RIS,4,104,420000,69,4
PASIR RIS,4,104,422000,73,1
PASIR RIS,4,103,425000,70,4
PASIR RIS,4,105,428000,70,4
PASIR RIS,4,106,430000,74,7
PASIR RIS,4,109,433000,76,10
PASIR RIS,4,111,440000,70,10
PASIR RIS,4,116,455000,70,4
PASIR RIS,5,127,430000,77,1
PASIR RIS,5,122,440000,76,10
PASIR RIS,5,121,460000,73,7
PASIR RIS,5,127,465000,75,7
PASIR RIS,5,135,468000,74,4
PASIR RIS,5,128,480000,74,4
PASIR RIS,5,123,488000,70,7
PASIR RIS,5,124,488000,74,10
PASIR RIS,5,121,494500,73,7
PASIR RIS,5,122,500000,75,7
PASIR RIS,5,128,503000,77,10
PASIR RIS,5,123,505000,74,7
PASIR RIS,5,125,505000,77,13
PASIR RIS,5,137,510000,74,7
PASIR RIS,5,120,520000,74,7
PASIR RIS,5,123,520000,74,10
PASIR RIS,6,149,525000,74,1
PASIR RIS,6,149,525000,74,7
PASIR RIS,6,147,530000,74,1
PASIR RIS,6,147,545000,69,1
PASIR RIS,6,145,545000,74,7
PASIR RIS,6,148,550000,76,4
PASIR RIS,6,148,570000,74,10
PASIR RIS,6,146,580000,75,1
PASIR RIS,6,147,605000,75,4
PASIR RIS,6,143,630000,77,1
PASIR RIS,6,146,648000,74,7
PASIR RIS,6,147,660000,70,1
PASIR RIS,6,148,660000,73,4
PASIR RIS,6,150,665000,75,10
PASIR RIS,6,144,668000,73,7
PASIR RIS,6,148,683000,76,4
PASIR RIS,6,146,700000,70,1
PASIR RIS,6,144,710000,73,10
PASIR RIS,6,147,725000,70,1
PASIR RIS,6,149,745000,73,4
PASIR RIS,6,145,750000,76,1
PASIR RIS,4,107,360000,74,4
PASIR RIS,4,111,370000,71,1
PASIR RIS,4,104,375000,75,4
PASIR RIS,4,106,380000,74,4
PASIR RIS,4,105,388000,74,4
PASIR RIS,4,106,390000,74,1
PASIR RIS,4,105,392000,77,10
PASIR RIS,4,105,395000,70,1
PASIR RIS,4,105,398000,70,1
PASIR RIS,4,106,400000,75,7
PASIR RIS,4,104,406888,77,7
PASIR RIS,4,106,410000,70,7
PASIR RIS,4,105,415000,70,7
PASIR RIS,4,104,420000,74,7
PASIR RIS,4,105,425000,70,1
PASIR RIS,4,104,430000,73,7
PASIR RIS,4,103,432000,70,7
PASIR RIS,4,104,440000,76,1
PASIR RIS,4,105,442000,70,10
PASIR RIS,4,112,450000,76,13
PASIR RIS,4,108,455000,76,10
PASIR RIS,5,127,428000,74,1
PASIR RIS,5,125,430000,77,1
PASIR RIS,5,132,440000,74,4
PASIR RIS,5,122,443000,75,1
PASIR RIS,5,123,450000,69,7
PASIR RIS,5,128,450000,74,7
PASIR RIS,5,126,455000,74,7
PASIR RIS,5,131,460000,70,1
PASIR RIS,5,122,468000,69,1
PASIR RIS,5,129,475000,76,1
PASIR RIS,5,124,475000,74,10
PASIR RIS,5,123,476000,69,7
PASIR RIS,5,121,480000,76,4
PASIR RIS,5,122,485000,70,7
PASIR RIS,5,140,485000,74,1
PASIR RIS,5,128,485000,77,7
PASIR RIS,5,128,490000,77,10
PASIR RIS,5,121,495000,76,13
PASIR RIS,5,140,510000,74,1
PASIR RIS,5,123,518000,70,7
PASIR RIS,5,123,535000,73,10
PASIR RIS,5,129,538000,74,7
PASIR RIS,5,128,543000,74,7
PASIR RIS,6,146,510000,74,4
PASIR RIS,6,148,540000,74,1
PASIR RIS,6,148,540000,77,4
PASIR RIS,6,146,543000,76,1
PASIR RIS,6,149,573000,74,1
PASIR RIS,6,147,578888,69,1
PASIR RIS,6,151,588000,75,4
PASIR RIS,6,150,590000,74,10
PASIR RIS,6,149,595000,74,4
PASIR RIS,6,151,600000,74,1
PASIR RIS,6,146,615000,74,4
PASIR RIS,6,148,625000,76,7
PASIR RIS,6,149,630000,75,4
PASIR RIS,6,146,650000,74,13
PASIR RIS,6,145,660000,70,1
PASIR RIS,6,143,670000,70,1
PASIR RIS,6,150,672500,75,1
PASIR RIS,6,144,690000,73,4
PASIR RIS,3,66,280000,62,4
PASIR RIS,3,66,300000,61,4
PASIR RIS,4,105,345000,69,1
PASIR RIS,4,104,360000,76,1
PASIR RIS,4,105,380000,73,10
PASIR RIS,4,107,383000,74,4
PASIR RIS,4,103,385000,76,4
PASIR RIS,4,104,398000,76,13
PASIR RIS,4,103,400000,70,1
PASIR RIS,4,105,405000,70,7
PASIR RIS,4,105,405000,70,4
PASIR RIS,4,104,406888,76,7
PASIR RIS,4,108,408000,75,1
PASIR RIS,4,105,410000,70,1
PASIR RIS,4,103,416000,70,4
PASIR RIS,4,103,416000,69,10
PASIR RIS,4,105,420000,70,4
PASIR RIS,4,106,429000,77,10
PASIR RIS,4,104,430000,77,7
PASIR RIS,4,113,432000,71,13
PASIR RIS,4,114,438000,70,4
PASIR RIS,4,112,440000,76,10
PASIR RIS,4,104,450000,73,4
PASIR RIS,5,121,430000,75,1
PASIR RIS,5,122,435000,74,1
PASIR RIS,5,128,438000,77,10
PASIR RIS,5,123,440000,73,4
PASIR RIS,5,127,448000,75,7
PASIR RIS,5,121,460000,75,10
PASIR RIS,5,123,460000,71,10
PASIR RIS,5,122,462000,73,1
PASIR RIS,5,127,465000,77,1
PASIR RIS,5,124,470000,73,7
PASIR RIS,5,123,485000,73,4
PASIR RIS,5,136,490000,73,7
PASIR RIS,5,128,500000,74,7
PASIR RIS,5,123,500000,73,10
PASIR RIS,5,126,508000,77,7
PASIR RIS,5,134,533000,77,10
PASIR RIS,5,124,550000,74,4
PASIR RIS,5,132,568000,74,10
PASIR RIS,5,134,588000,76,16
PASIR RIS,5,128,588000,76,7
PASIR RIS,6,142,490000,69,4
PASIR RIS,6,144,512000,75,4
PASIR RIS,6,148,538000,74,1
PASIR RIS,6,150,540000,76,1
PASIR RIS,6,145,560000,74,7
PASIR RIS,6,151,580000,74,4
PASIR RIS,6,144,590000,73,7
PASIR RIS,6,146,595000,73,1
PASIR RIS,6,146,600000,76,10
PASIR RIS,6,145,605000,74,1
PASIR RIS,6,146,615000,69,4
PASIR RIS,6,146,618000,73,4
PASIR RIS,6,154,620000,69,1
PASIR RIS,6,144,625000,73,4
PASIR RIS,6,151,640000,69,4
PASIR RIS,6,155,650000,76,7
PASIR RIS,6,143,664000,77,4
PASIR RIS,6,154,675000,75,7
PASIR RIS,6,149,715000,69,7
PASIR RIS,6,147,740000,76,7
PASIR RIS,6,147,750000,76,7
PASIR RIS,6,146,763000,74,13
PASIR RIS,6,146,545000,74,1
PASIR RIS,3,66,220000,62,4
PASIR RIS,4,104,385000,77,10
PASIR RIS,4,104,418000,75,1
PASIR RIS,4,107,390000,74,4
PASIR RIS,4,105,430000,70,1
PASIR RIS,4,103,423000,69,4
PASIR RIS,4,103,440000,70,10
PASIR RIS,4,105,435000,70,10
PASIR RIS,4,93,400000,70,10
PASIR RIS,4,106,435000,70,7
PASIR RIS,4,103,410000,70,10
PASIR RIS,4,105,390000,69,1
PASIR RIS,4,105,415000,70,1
PASIR RIS,4,123,460000,70,4
PASIR RIS,4,106,385000,70,1
PASIR RIS,4,104,380000,69,10
PASIR RIS,4,103,380000,69,4
PASIR RIS,4,105,360000,74,4
PASIR RIS,4,106,380000,74,4
PASIR RIS,4,109,420000,74,7
PASIR RIS,4,109,400000,76,1
PASIR RIS,4,108,430000,76,10
PASIR RIS,4,104,390000,77,7
PASIR RIS,4,105,370000,76,4
PASIR RIS,5,129,538000,77,13
PASIR RIS,5,122,440000,75,1
PASIR RIS,5,127,445000,76,1
PASIR RIS,5,122,482888,75,10
PASIR RIS,5,120,540800,75,10
PASIR RIS,5,126,435000,74,10
PASIR RIS,5,126,442000,74,7
PASIR RIS,5,139,508000,74,10
PASIR RIS,5,122,462000,74,4
PASIR RIS,5,139,476000,74,1
PASIR RIS,5,126,470000,73,7
PASIR RIS,5,123,465000,73,1
PASIR RIS,5,128,565000,74,13
PASIR RIS,5,129,558000,74,13
PASIR RIS,5,133,528000,77,13
PASIR RIS,5,126,466000,77,4
PASIR RIS,5,127,486000,77,10
PASIR RIS,5,127,442500,77,1
PASIR RIS,5,125,490000,77,16
PASIR RIS,5,125,495000,77,16
PASIR RIS,5,128,455000,77,10
PASIR RIS,5,124,440000,77,4
PASIR RIS,6,150,728000,75,4
PASIR RIS,6,154,670000,75,1
PASIR RIS,6,149,639000,75,4
PASIR RIS,6,142,618000,73,1
PASIR RIS,6,144,658000,73,10
PASIR RIS,6,146,670000,70,1
PASIR RIS,6,145,805000,70,10
PASIR RIS,6,146,675000,70,1
PASIR RIS,6,147,770000,70,4
PASIR RIS,6,142,588000,69,7
PASIR RIS,6,148,585000,75,4
PASIR RIS,6,146,550000,73,1
PASIR RIS,6,144,590000,75,7
PASIR RIS,6,150,570000,73,4
PASIR RIS,6,145,765000,76,7
PASIR RIS,6,144,755000,77,13
PASIR RIS,6,143,710000,76,16
PASIR RIS,6,147,515000,76,1
PASIR RIS,4,104,402000,75,10
PASIR RIS,4,112,461000,76,13
PASIR RIS,4,104,383000,76,7
PASIR RIS,4,106,411000,73,10
PASIR RIS,4,104,401500,73,7
PASIR RIS,4,106,425000,70,4
PASIR RIS,4,114,485888,70,13
PASIR RIS,4,113,405000,70,1
PASIR RIS,4,106,420000,69,7
PASIR RIS,4,103,370000,69,10
PASIR RIS,4,105,403000,69,1
PASIR RIS,4,105,390000,75,7
PASIR RIS,4,108,388000,75,1
PASIR RIS,4,107,420000,73,7
PASIR RIS,4,107,395000,73,1
PASIR RIS,4,104,391500,73,4
PASIR RIS,4,104,355000,73,1
PASIR RIS,4,104,420000,73,4
PASIR RIS,4,105,376000,77,4
PASIR RIS,4,104,390000,77,7
PASIR RIS,4,108,442000,77,7
PASIR RIS,4,105,420000,76,10
PASIR RIS,4,104,390000,76,4
PASIR RIS,5,123,455000,75,10
PASIR RIS,5,129,483000,73,10
PASIR RIS,5,122,450000,70,7
PASIR RIS,5,123,555300,70,10
PASIR RIS,5,126,420000,74,4
PASIR RIS,5,129,477000,74,10
PASIR RIS,5,134,435000,74,1
PASIR RIS,5,128,420000,74,10
PASIR RIS,5,120,460000,69,7
PASIR RIS,5,135,470000,74,1
PASIR RIS,5,123,468000,73,1
PASIR RIS,5,122,435000,73,1
PASIR RIS,5,124,568000,76,1
PASIR RIS,5,128,460000,77,7
PASIR RIS,5,125,500000,77,7
PASIR RIS,5,126,480000,77,10
PASIR RIS,5,125,510000,77,10
PASIR RIS,5,127,460000,77,4
PASIR RIS,5,125,515000,76,13
PASIR RIS,5,128,485000,76,4
PASIR RIS,5,126,500000,77,13
PASIR RIS,6,149,648000,75,4
PASIR RIS,6,149,628000,75,1
PASIR RIS,6,148,735000,73,1
PASIR RIS,6,145,803000,73,10
PASIR RIS,6,146,620000,76,7
PASIR RIS,6,146,638000,76,13
PASIR RIS,6,150,575000,76,4
PASIR RIS,6,146,605000,76,4
PASIR RIS,6,148,645000,73,4
PASIR RIS,6,146,705000,70,1
PASIR RIS,6,155,680000,70,1
PASIR RIS,6,152,618000,75,7
PASIR RIS,6,149,560000,74,4
PASIR RIS,6,144,530000,75,1
PASIR RIS,6,152,599999,75,4
PASIR RIS,6,145,580000,73,10
PASIR RIS,6,147,699000,73,10
PASIR RIS,6,148,705000,73,4
PASIR RIS,6,143,615000,74,1
PASIR RIS,6,148,625000,74,13
PASIR RIS,6,149,695000,76,1
PASIR RIS,6,146,760000,76,7
PASIR RIS,6,145,625000,76,4
PASIR RIS,4,104,405000,75,7
PASIR RIS,4,104,400000,76,10
PASIR RIS,4,103,440000,69,7
PASIR RIS,4,105,405000,69,1
PASIR RIS,4,104,360000,73,1
PASIR RIS,4,106,375000,74,1
PASIR RIS,4,107,438000,73,10
PASIR RIS,4,108,400000,73,10
PASIR RIS,4,104,400000,73,1
PASIR RIS,4,105,355000,73,7
PASIR RIS,4,108,445000,76,7
PASIR RIS,4,107,418000,76,10
PASIR RIS,4,104,415000,77,7
PASIR RIS,4,105,380000,77,1
PASIR RIS,5,121,465000,75,10
PASIR RIS,5,124,465000,76,7
PASIR RIS,5,122,525000,70,7
PASIR RIS,5,124,480000,70,1
PASIR RIS,5,128,480000,70,1
PASIR RIS,5,131,492000,70,7
PASIR RIS,5,122,498000,69,13
PASIR RIS,5,127,450000,75,1
PASIR RIS,5,124,485000,73,4
PASIR RIS,5,130,440000,73,1
PASIR RIS,5,137,475000,73,4
PASIR RIS,5,122,482000,73,10
PASIR RIS,5,122,504000,73,10
PASIR RIS,5,128,565000,74,10
PASIR RIS,5,126,518000,77,16
PASIR RIS,5,128,425000,76,1
PASIR RIS,5,125,435000,76,1
PASIR RIS,5,121,462000,77,10
PASIR RIS,5,128,488000,76,10
PASIR RIS,6,145,725000,73,4
PASIR RIS,6,148,750000,73,4
PASIR RIS,6,145,640000,75,10
PASIR RIS,6,146,608000,76,10
PASIR RIS,6,142,675000,73,10
PASIR RIS,6,142,665000,73,10
PASIR RIS,6,150,580000,75,7
PASIR RIS,6,150,543000,73,7
PASIR RIS,6,146,695000,74,4
PASIR RIS,6,145,580000,76,1
PASIR RIS,6,148,638888,76,10
PASIR RIS,3,67,300000,60,4
PASIR RIS,3,66,275000,60,1
PASIR RIS,4,104,374000,75,1
PASIR RIS,4,104,395000,75,4
PASIR RIS,4,103,415000,72,4
PASIR RIS,4,105,395000,72,7
PASIR RIS,4,104,385000,72,4
PASIR RIS,4,103,408000,70,7
PASIR RIS,4,106,455000,70,7
PASIR RIS,4,103,440000,69,4
PASIR RIS,4,106,408000,70,1
PASIR RIS,4,105,380000,75,7
PASIR RIS,4,105,380000,74,1
PASIR RIS,4,103,370000,70,4
PASIR RIS,4,112,380000,75,10
PASIR RIS,4,113,405000,69,10
PASIR RIS,4,104,390000,69,10
PASIR RIS,4,108,370000,73,1
PASIR RIS,4,105,393000,73,4
PASIR RIS,4,106,420000,73,4
PASIR RIS,4,104,430000,72,1
PASIR RIS,4,105,413000,74,4
PASIR RIS,4,104,395000,76,7
PASIR RIS,4,112,435000,76,4
PASIR RIS,5,128,608888,76,13
PASIR RIS,5,124,478000,76,4
PASIR RIS,5,123,510000,69,7
PASIR RIS,5,122,500000,69,4
PASIR RIS,5,128,445000,74,4
PASIR RIS,5,126,435000,74,4
PASIR RIS,5,127,475000,75,7
PASIR RIS,5,126,475000,73,4
PASIR RIS,5,122,430000,69,1
PASIR RIS,5,122,470000,69,7
PASIR RIS,5,124,547000,73,10
PASIR RIS,5,122,500000,72,10
PASIR RIS,5,127,440000,76,4
PASIR RIS,5,128,470000,76,1
PASIR RIS,5,128,460000,76,4
PASIR RIS,5,128,435000,77,1
PASIR RIS,5,126,480000,77,7
PASIR RIS,6,154,690000,75,10
PASIR RIS,6,149,758000,72,7
PASIR RIS,6,145,616000,75,4
PASIR RIS,6,151,620000,70,1
PASIR RIS,6,149,640000,69,1
PASIR RIS,6,150,600000,73,7
PASIR RIS,6,190,750000,74,7
PASIR RIS,6,148,650000,72,4
PASIR RIS,6,145,705000,74,7
PASIR RIS,6,146,515000,76,1
PASIR RIS,6,148,630000,76,16
PASIR RIS,4,104,410000,73,4
PASIR RIS,4,112,436000,76,10
PASIR RIS,4,104,431000,75,13
PASIR RIS,4,104,450000,75,10
PASIR RIS,4,103,425000,69,7
PASIR RIS,4,103,380000,73,10
PASIR RIS,4,104,405000,73,7
PASIR RIS,4,103,420000,73,7
PASIR RIS,4,84,362000,68,4
PASIR RIS,4,106,420000,70,4
PASIR RIS,4,105,400000,70,1
PASIR RIS,4,104,385000,69,1
PASIR RIS,4,103,425000,69,4
PASIR RIS,4,108,383500,74,1
PASIR RIS,4,107,365000,74,4
PASIR RIS,4,104,435000,73,10
PASIR RIS,4,106,468000,76,10
PASIR RIS,4,103,370000,76,10
PASIR RIS,4,104,385000,76,1
PASIR RIS,5,135,638000,75,7
PASIR RIS,5,121,485000,75,13
PASIR RIS,5,124,480000,76,4
PASIR RIS,5,122,435000,70,1
PASIR RIS,5,122,460000,70,10
PASIR RIS,5,125,450000,73,7
PASIR RIS,5,122,453000,69,7
PASIR RIS,5,128,480000,73,1
PASIR RIS,5,127,470000,73,10
PASIR RIS,5,126,585000,74,13
PASIR RIS,5,128,490000,76,10
PASIR RIS,5,127,469888,76,4
PASIR RIS,5,125,405000,76,1
PASIR RIS,5,123,540000,76,10
PASIR RIS,6,154,710000,75,10
PASIR RIS,6,149,678000,75,7
PASIR RIS,6,146,585000,75,4
PASIR RIS,6,154,745000,70,7
PASIR RIS,6,150,540000,73,4
PASIR RIS,6,146,550000,73,7
PASIR RIS,6,149,510000,73,4
PASIR RIS,6,144,640000,73,7
PASIR RIS,6,143,600000,76,7
PASIR RIS,4,104,410000,75,10
PASIR RIS,4,104,390000,75,4
PASIR RIS,4,106,400000,70,1
PASIR RIS,4,104,407000,70,1
PASIR RIS,4,105,377000,69,1
PASIR RIS,4,106,420000,69,4
PASIR RIS,4,105,390000,74,4
PASIR RIS,4,106,396000,70,1
PASIR RIS,4,103,380000,69,4
PASIR RIS,4,104,415000,73,4
PASIR RIS,4,104,400000,76,10
PASIR RIS,4,104,375000,76,1
PASIR RIS,4,103,410000,76,13
PASIR RIS,5,121,548000,75,10
PASIR RIS,5,122,478000,69,7
PASIR RIS,5,128,460000,73,4
PASIR RIS,5,125,408000,73,1
PASIR RIS,5,131,520000,69,7
PASIR RIS,5,124,443000,73,7
PASIR RIS,5,134,470000,73,4
PASIR RIS,5,126,480000,73,1
PASIR RIS,5,123,505000,72,13
PASIR RIS,5,121,450000,73,7
PASIR RIS,5,127,560000,74,7
PASIR RIS,5,127,505000,74,4
PASIR RIS,5,124,618888,75,10
PASIR RIS,5,129,430000,76,4
PASIR RIS,5,127,510000,76,10
PASIR RIS,5,127,458000,76,4
PASIR RIS,5,125,490000,76,7
PASIR RIS,6,146,560000,75,1
PASIR RIS,6,146,680000,72,10
PASIR RIS,6,144,680000,72,10
PASIR RIS,6,149,500000,73,7
PASIR RIS,6,148,558888,73,10
PASIR RIS,6,147,530000,73,7
PASIR RIS,6,148,595000,73,10
PASIR RIS,6,169,715000,73,10
PASIR RIS,6,144,710000,73,4
PASIR RIS,6,154,772500,72,10
PASIR RIS,6,144,710000,72,10
PASIR RIS,6,157,715000,72,4
PASIR RIS,6,146,705000,73,10
PASIR RIS,4,104,405000,75,4
PASIR RIS,4,104,375000,75,1
PASIR RIS,4,107,370000,73,1
PASIR RIS,4,103,432000,69,10
PASIR RIS,4,84,380000,68,4
PASIR RIS,4,106,388000,70,4
PASIR RIS,4,105,390000,69,4
PASIR RIS,4,109,412000,73,7
PASIR RIS,4,104,418000,72,4
PASIR RIS,4,106,435000,73,4
PASIR RIS,4,105,400000,76,7
PASIR RIS,4,103,382000,76,10
PASIR RIS,4,105,395000,76,4
PASIR RIS,4,105,390000,76,7
PASIR RIS,4,104,398000,76,7
PASIR RIS,5,124,485000,76,4
PASIR RIS,5,127,500000,75,4
PASIR RIS,5,123,460000,73,4
PASIR RIS,5,123,466000,70,4
PASIR RIS,5,123,425000,73,4
PASIR RIS,5,124,475000,73,1
PASIR RIS,5,128,455000,73,1
PASIR RIS,5,140,476000,73,1
PASIR RIS,5,128,460000,73,1
PASIR RIS,5,122,470000,69,10
PASIR RIS,5,128,462000,73,1
PASIR RIS,5,123,500000,73,4
PASIR RIS,5,123,500000,72,7
PASIR RIS,5,127,563000,73,10
PASIR RIS,5,128,592000,75,10
PASIR RIS,6,149,605000,75,7
PASIR RIS,6,151,600000,69,1
PASIR RIS,6,142,580000,68,7
PASIR RIS,6,146,610000,68,4
PASIR RIS,6,146,625000,68,4
PASIR RIS,6,146,503000,73,7
PASIR RIS,6,147,555000,73,1
PASIR RIS,6,154,725000,72,1
PASIR RIS,6,147,660000,72,4
PASIR RIS,6,144,625000,73,4
PASIR RIS,6,146,565000,76,4
PASIR RIS,6,143,595000,76,4
PASIR RIS,4,105,385000,72,4
PASIR RIS,4,107,368000,73,1
PASIR RIS,4,105,425000,70,7
PASIR RIS,4,103,415000,69,7
PASIR RIS,4,106,395000,69,4
PASIR RIS,4,103,400000,70,1
PASIR RIS,4,105,402000,69,4
PASIR RIS,4,106,370000,69,1
PASIR RIS,4,108,394000,73,4
PASIR RIS,4,108,430000,75,1
PASIR RIS,4,113,421000,75,1
PASIR RIS,4,104,385000,76,4
PASIR RIS,4,111,380000,76,1
PASIR RIS,5,135,535000,75,10
PASIR RIS,5,123,465000,75,7
PASIR RIS,5,121,465000,75,7
PASIR RIS,5,135,515000,72,10
PASIR RIS,5,122,501000,69,7
PASIR RIS,5,125,390000,73,1
PASIR RIS,5,132,480000,69,4
PASIR RIS,5,126,470000,73,4
PASIR RIS,5,125,510000,73,7
PASIR RIS,5,127,460000,73,4
PASIR RIS,5,121,525000,72,10
PASIR RIS,5,134,500000,73,4
PASIR RIS,5,125,483000,76,10
PASIR RIS,5,127,470888,76,4
PASIR RIS,5,127,470000,76,4
PASIR RIS,5,127,484000,76,4
PASIR RIS,6,149,680000,75,10
PASIR RIS,6,148,713888,72,1
PASIR RIS,6,149,610000,75,1
PASIR RIS,6,149,650000,69,4
PASIR RIS,6,153,680000,69,1
PASIR RIS,6,146,620000,68,4
PASIR RIS,6,146,655000,70,1
PASIR RIS,6,146,627000,68,4
PASIR RIS,6,149,630000,74,4
PASIR RIS,6,148,550000,73,10
PASIR RIS,6,145,625000,72,1
PASIR RIS,6,146,600000,73,4
PASIR RIS,6,145,600888,76,1
PASIR RIS,6,148,645000,76,13
PASIR RIS,4,111,420000,75,10
PASIR RIS,4,103,420000,69,10
PASIR RIS,4,106,384000,73,4
PASIR RIS,4,104,405000,72,10
PASIR RIS,4,104,410000,72,10
PASIR RIS,4,106,450000,69,10
PASIR RIS,4,105,428000,69,1
PASIR RIS,4,104,388000,69,1
PASIR RIS,4,108,372000,74,1
PASIR RIS,4,113,415000,68,10
PASIR RIS,4,107,400000,73,10
PASIR RIS,4,105,388000,69,1
PASIR RIS,4,106,410000,73,4
PASIR RIS,4,104,401000,72,1
PASIR RIS,4,106,400000,73,1
PASIR RIS,4,106,398000,73,4
PASIR RIS,4,110,499998,75,10
PASIR RIS,4,104,380000,76,1
PASIR RIS,4,107,390000,76,1
PASIR RIS,4,104,383000,76,4
PASIR RIS,4,106,415000,76,7
PASIR RIS,4,105,380000,76,1
PASIR RIS,4,107,399950,76,4
PASIR RIS,5,134,548000,76,13
PASIR RIS,5,127,485000,73,13
PASIR RIS,5,126,470000,73,4
PASIR RIS,5,123,500000,69,4
PASIR RIS,5,126,450000,73,10
PASIR RIS,5,122,465000,69,7
PASIR RIS,5,123,500000,73,7
PASIR RIS,5,137,485000,73,7
PASIR RIS,5,126,480000,73,7
PASIR RIS,5,127,475000,76,7
PASIR RIS,5,128,500000,76,13
PASIR RIS,5,125,508000,76,13
PASIR RIS,5,126,460000,76,4
PASIR RIS,5,127,465000,76,7
PASIR RIS,6,150,618000,75,7
PASIR RIS,6,145,708888,69,10
PASIR RIS,6,158,572000,74,1
PASIR RIS,6,149,595000,74,7
PASIR RIS,6,149,620000,74,4
PASIR RIS,6,149,580000,68,1
PASIR RIS,6,146,638000,68,4
PASIR RIS,6,144,560000,74,4
PASIR RIS,6,149,525000,73,1
PASIR RIS,6,143,710000,72,10
PASIR RIS,6,146,710000,73,10
PASIR RIS,6,143,650000,76,10
PASIR RIS,4,113,438000,75,7
PASIR RIS,4,112,455000,75,13
PASIR RIS,4,104,365000,75,1
PASIR RIS,4,107,370000,73,10
PASIR RIS,4,103,435000,69,10
PASIR RIS,4,106,400000,69,1
PASIR RIS,4,106,445000,69,7
PASIR RIS,4,105,420000,69,7
PASIR RIS,4,116,445000,69,4
PASIR RIS,4,94,375000,69,4
PASIR RIS,4,105,395000,69,4
PASIR RIS,4,103,410000,70,10
PASIR RIS,4,113,440000,68,10
PASIR RIS,4,106,380000,69,1
PASIR RIS,4,106,375000,74,4
PASIR RIS,4,106,418000,69,13
PASIR RIS,4,105,395000,73,10
PASIR RIS,4,107,415000,73,4
PASIR RIS,4,107,365000,73,1
PASIR RIS,4,108,425000,73,7
PASIR RIS,5,134,570000,76,10
PASIR RIS,5,123,480888,74,13
PASIR RIS,5,122,470000,74,4
PASIR RIS,5,120,540000,75,13
PASIR RIS,5,123,480000,72,10
PASIR RIS,5,120,485000,70,7
PASIR RIS,5,122,485000,69,4
PASIR RIS,5,127,445500,74,4
PASIR RIS,5,126,445000,73,4
PASIR RIS,5,126,450000,73,7
PASIR RIS,5,132,415000,73,1
PASIR RIS,5,130,470888,74,7
PASIR RIS,5,125,490000,76,10
PASIR RIS,5,128,465000,76,7
PASIR RIS,5,125,465000,76,4
PASIR RIS,6,145,605000,75,10
PASIR RIS,6,148,615000,75,10
PASIR RIS,6,146,600000,72,1
PASIR RIS,6,146,705000,69,10
PASIR RIS,6,146,596000,68,4
PASIR RIS,6,146,645000,68,7
PASIR RIS,6,147,580000,74,4
PASIR RIS,6,151,562000,74,4
PASIR RIS,6,150,478000,73,4
PASIR RIS,6,147,500000,73,1
PASIR RIS,6,149,575000,73,10
PASIR RIS,6,146,508000,73,4
PASIR RIS,6,144,670000,72,1
PASIR RIS,6,144,660000,72,4
PASIR RIS,6,143,715000,72,10
PASIR RIS,6,146,599000,76,7
PASIR RIS,4,103,400000,69,7
PASIR RIS,4,104,365000,75,1
PASIR RIS,4,112,438000,75,1
PASIR RIS,4,84,338000,68,10
PASIR RIS,4,103,418000,69,4
PASIR RIS,4,106,405000,68,1
PASIR RIS,4,103,385000,68,4
PASIR RIS,4,104,367000,73,1
PASIR RIS,4,104,392000,68,10
PASIR RIS,4,106,410000,73,7
PASIR RIS,4,104,412000,73,4
PASIR RIS,4,104,425000,72,7
PASIR RIS,4,93,545000,95,4
PASIR RIS,4,104,395000,73,4
PASIR RIS,4,113,500000,75,16
PASIR RIS,4,108,465000,75,10
PASIR RIS,4,107,420000,76,7
PASIR RIS,4,104,385000,76,4
PASIR RIS,5,127,470000,76,1
PASIR RIS,5,123,520000,75,10
PASIR RIS,5,127,465000,73,1
PASIR RIS,5,140,475000,73,1
PASIR RIS,5,125,448888,74,7
PASIR RIS,5,125,475000,74,7
PASIR RIS,5,124,478000,73,10
PASIR RIS,5,126,508000,76,13
PASIR RIS,5,125,475000,76,4
PASIR RIS,5,127,490000,76,7
PASIR RIS,6,150,715000,74,13
PASIR RIS,6,145,605000,75,1
PASIR RIS,6,146,720000,72,7
PASIR RIS,6,142,615000,72,1
PASIR RIS,6,146,680000,68,1
PASIR RIS,6,151,735000,69,10
PASIR RIS,6,149,685000,68,10
PASIR RIS,6,147,540000,73,7
PASIR RIS,6,147,565000,73,10
PASIR RIS,6,145,725000,72,10
PASIR RIS,6,146,600000,76,7
PASIR RIS,6,153,618000,76,1
PASIR RIS,4,107,405500,73,1
PASIR RIS,5,113,590000,95,4
PASIR RIS,5,113,620000,95,7
PASIR RIS,4,112,452500,75,4
PASIR RIS,4,105,412000,72,1
PASIR RIS,4,103,360000,69,10
PASIR RIS,4,103,380000,69,4
PASIR RIS,4,107,405000,69,4
PASIR RIS,4,113,445000,69,10
PASIR RIS,4,109,450000,68,10
PASIR RIS,4,105,405000,69,7
PASIR RIS,4,94,382000,70,10
PASIR RIS,4,104,410000,73,13
PASIR RIS,4,107,415000,73,10
PASIR RIS,4,107,385000,73,1
PASIR RIS,4,106,406500,73,10
PASIR RIS,4,106,380000,73,1
PASIR RIS,4,107,396000,73,1
PASIR RIS,4,104,435000,73,10
PASIR RIS,4,93,480000,95,4
PASIR RIS,4,104,422000,72,10
PASIR RIS,4,104,418000,73,4
PASIR RIS,4,105,388000,76,4
PASIR RIS,4,106,396000,76,1
PASIR RIS,5,134,505000,76,1
PASIR RIS,5,121,483000,74,7
PASIR RIS,5,122,460000,75,1
PASIR RIS,5,120,518000,74,7
PASIR RIS,5,121,498000,74,1
PASIR RIS,5,132,480000,68,10
PASIR RIS,5,134,470000,73,7
PASIR RIS,5,125,470000,73,10
PASIR RIS,5,137,500000,74,4
PASIR RIS,5,126,440000,73,4
PASIR RIS,5,127,475000,73,10
PASIR RIS,5,124,430000,73,1
PASIR RIS,5,130,475000,73,4
PASIR RIS,5,130,470000,73,4
PASIR RIS,5,125,460000,73,7
PASIR RIS,5,127,545000,73,10
PASIR RIS,5,126,520000,73,13
PASIR RIS,5,121,466000,76,7
PASIR RIS,5,129,516888,76,13
PASIR RIS,5,127,490000,76,7
PASIR RIS,5,124,500000,76,7
PASIR RIS,6,144,660000,72,10
PASIR RIS,6,146,643888,72,4
PASIR RIS,6,147,640000,69,1
PASIR RIS,6,149,585000,73,1
PASIR RIS,6,151,595000,73,1
PASIR RIS,6,146,635000,68,7
PASIR RIS,6,147,540000,73,7
PASIR RIS,6,147,555000,73,10
PASIR RIS,6,148,530000,73,4
PASIR RIS,6,148,645000,72,4
PASIR RIS,6,143,638000,76,7
PASIR RIS,6,146,620000,75,7
PASIR RIS,3,67,270000,59,1
PASIR RIS,3,66,280000,59,4
PASIR RIS,3,68,400000,94,10
PASIR RIS,4,104,390000,74,10
PASIR RIS,4,104,380000,74,4
PASIR RIS,4,106,415000,72,4
PASIR RIS,4,114,400000,69,1
PASIR RIS,4,106,420000,68,10
PASIR RIS,4,113,388888,69,7
PASIR RIS,4,104,358000,68,1
PASIR RIS,4,93,515000,94,10
PASIR RIS,4,105,386000,76,4
PASIR RIS,4,104,393000,76,10
PASIR RIS,4,105,428000,76,10
PASIR RIS,4,104,425000,76,10
PASIR RIS,5,134,460000,75,1
PASIR RIS,5,122,425000,74,1
PASIR RIS,5,121,450000,74,1
PASIR RIS,5,122,473000,72,4
PASIR RIS,5,122,480000,69,1
PASIR RIS,5,132,540000,68,10
PASIR RIS,5,125,470000,72,7
PASIR RIS,5,127,460000,73,1
PASIR RIS,5,122,430000,68,1
PASIR RIS,5,126,465000,73,7
PASIR RIS,5,122,435000,68,4
PASIR RIS,5,124,440000,72,7
PASIR RIS,6,149,650000,74,4
PASIR RIS,6,142,622000,72,4
PASIR RIS,6,151,670000,69,1
PASIR RIS,6,145,771888,69,10
PASIR RIS,6,149,570000,73,1
PASIR RIS,6,169,712500,72,13
PASIR RIS,6,149,510000,73,1
PASIR RIS,6,149,515000,72,4
PASIR RIS,6,149,587000,72,10
PASIR RIS,6,144,610000,74,4
PASIR RIS,6,146,668000,73,13
PASIR RIS,6,147,766000,75,7
PASIR RIS,6,146,780000,75,10
PASIR RIS,6,147,535000,75,1
PASIR RIS,4,104,420000,74,4
PASIR RIS,4,114,405000,75,4
PASIR RIS,4,104,420000,74,10
PASIR RIS,4,107,415000,72,4
PASIR RIS,4,106,381000,72,1
PASIR RIS,4,107,403000,72,7
PASIR RIS,4,104,438000,68,10
PASIR RIS,4,106,415000,69,1
PASIR RIS,4,103,418000,68,10
PASIR RIS,4,105,450000,68,7
PASIR RIS,4,103,398000,68,7
PASIR RIS,4,106,412000,68,7
PASIR RIS,4,107,415000,72,4
PASIR RIS,4,93,570000,94,10
PASIR RIS,4,93,528888,94,10
PASIR RIS,4,93,530000,94,4
PASIR RIS,4,93,530000,94,13
PASIR RIS,4,93,490000,94,4
PASIR RIS,4,104,390000,72,1
PASIR RIS,4,106,425000,75,13
PASIR RIS,4,105,405000,76,7
PASIR RIS,4,105,430000,76,16
PASIR RIS,4,105,402888,75,10
PASIR RIS,4,106,468380,76,13
PASIR RIS,5,128,485000,74,10
PASIR RIS,5,122,490000,72,4
PASIR RIS,5,130,465000,72,1
PASIR RIS,5,126,480000,73,13
PASIR RIS,5,123,487500,73,7
PASIR RIS,5,123,500000,72,10
PASIR RIS,5,125,490000,73,7
PASIR RIS,5,134,495000,73,1
PASIR RIS,5,129,498000,73,1
PASIR RIS,5,128,600000,75,10
PASIR RIS,5,125,440000,76,1
PASIR RIS,5,126,488000,76,7
PASIR RIS,5,127,515000,75,7
PASIR RIS,6,149,645000,74,1
PASIR RIS,6,188,800000,74,7
PASIR RIS,6,150,575000,72,7
PASIR RIS,6,146,530000,73,4
PASIR RIS,6,148,540000,73,1
PASIR RIS,6,146,780000,75,4
PASIR RIS,6,148,630000,75,10
PASIR RIS,2,47,258000,94,4
PASIR RIS,3,66,180000,60,1
PASIR RIS,3,66,215000,59,4
PASIR RIS,3,68,367000,94,10
PASIR RIS,4,103,385000,69,1
PASIR RIS,4,112,420000,72,10
PASIR RIS,4,105,420000,68,10
PASIR RIS,4,105,380000,69,1
PASIR RIS,4,116,448000,68,7
PASIR RIS,4,105,370000,68,4
PASIR RIS,4,103,385000,68,4
PASIR RIS,4,104,380000,68,10
PASIR RIS,4,107,384000,72,4
PASIR RIS,4,108,400000,72,7
PASIR RIS,4,93,509000,94,4
PASIR RIS,4,93,540000,94,7
PASIR RIS,4,93,523000,94,7
PASIR RIS,4,93,483000,94,7
PASIR RIS,4,93,530000,94,10
PASIR RIS,4,93,530000,94,10
PASIR RIS,4,93,480000,94,1
PASIR RIS,4,103,423888,72,7
PASIR RIS,4,93,520000,94,4
PASIR RIS,4,93,515000,94,1
PASIR RIS,4,112,433000,75,1
PASIR RIS,4,104,358000,76,1
PASIR RIS,4,107,446000,75,4
PASIR RIS,5,128,533000,74,4
PASIR RIS,5,136,425000,72,1
PASIR RIS,5,122,450000,68,4
PASIR RIS,5,122,505888,68,10
PASIR RIS,5,122,485000,68,4
PASIR RIS,5,125,461000,72,10
PASIR RIS,5,124,465000,72,7
PASIR RIS,5,124,465000,72,7
PASIR RIS,5,128,500000,68,13
PASIR RIS,5,128,470000,72,4
PASIR RIS,5,135,560000,74,1
PASIR RIS,5,127,450000,74,4
PASIR RIS,5,113,620000,94,4
PASIR RIS,5,113,640000,94,13
PASIR RIS,5,122,504999,72,4
PASIR RIS,5,113,580000,94,1
PASIR RIS,5,123,550000,72,7
PASIR RIS,5,113,623000,94,10
PASIR RIS,5,113,660000,94,10
PASIR RIS,5,128,500000,76,7
PASIR RIS,5,127,500000,75,7
PASIR RIS,6,154,655000,74,4
PASIR RIS,6,149,620000,74,7
PASIR RIS,6,148,605000,74,7
PASIR RIS,6,155,725000,69,4
PASIR RIS,6,149,679999,68,1
PASIR RIS,6,151,750000,69,10
PASIR RIS,6,145,675000,69,1
PASIR RIS,6,149,546000,74,1
PASIR RIS,6,147,568000,72,10
PASIR RIS,6,145,539888,74,7
PASIR RIS,6,148,571000,72,10
PASIR RIS,6,148,608000,72,4
PASIR RIS,6,144,600000,72,7
PASIR RIS,6,143,670000,75,10
PASIR RIS,3,68,370000,94,1
PASIR RIS,3,68,380000,94,10
PASIR RIS,3,68,398000,94,10
PASIR RIS,4,104,390000,74,7
PASIR RIS,4,104,390000,74,1
PASIR RIS,4,103,415000,68,7
PASIR RIS,4,113,465000,69,10
PASIR RIS,4,105,415000,69,4
PASIR RIS,4,104,420000,68,7
PASIR RIS,4,105,420000,69,4
PASIR RIS,4,113,410000,68,7
PASIR RIS,4,106,390000,68,4
PASIR RIS,4,115,415000,74,4
PASIR RIS,4,93,550000,94,7
PASIR RIS,4,93,545000,94,7
PASIR RIS,4,93,525000,94,10
PASIR RIS,4,93,580000,94,10
PASIR RIS,4,93,550000,94,7
PASIR RIS,4,93,500000,94,1
PASIR RIS,4,93,532000,94,7
PASIR RIS,4,93,520000,94,10
PASIR RIS,4,93,520000,94,10
PASIR RIS,4,106,440000,76,13
PASIR RIS,4,105,390000,75,7
PASIR RIS,4,104,388000,75,4
PASIR RIS,5,127,485000,75,1
PASIR RIS,5,123,500000,69,4
PASIR RIS,5,125,430000,72,4
PASIR RIS,5,124,410000,72,10
PASIR RIS,5,122,460000,68,7
PASIR RIS,5,127,465000,72,4
PASIR RIS,5,128,472000,73,4
PASIR RIS,5,128,465000,72,10
PASIR RIS,5,123,515000,72,4
PASIR RIS,5,113,640000,94,10
PASIR RIS,5,123,435000,71,10
PASIR RIS,5,123,510000,71,10
PASIR RIS,5,113,625000,94,7
PASIR RIS,5,113,635000,94,10
PASIR RIS,5,132,565000,73,13
PASIR RIS,5,126,560000,75,7
PASIR RIS,5,123,570000,74,4
PASIR RIS,5,128,495000,75,16
PASIR RIS,5,128,500000,75,13
PASIR RIS,5,126,470000,76,10
PASIR RIS,5,125,488000,75,16
PASIR RIS,6,149,710000,71,7
PASIR RIS,6,147,685000,68,1
PASIR RIS,6,149,580000,74,4
PASIR RIS,6,159,620000,74,1
PASIR RIS,6,147,570000,72,10
PASIR RIS,6,147,545000,72,7
PASIR RIS,6,144,700000,71,1
PASIR RIS,6,145,678000,72,10
PASIR RIS,6,146,670000,72,13
PASIR RIS,6,145,635000,72,7
PASIR RIS,6,146,640000,75,16
PASIR RIS,6,145,650000,72,4
PASIR RIS,2,47,257000,94,7
PASIR RIS,3,66,280000,60,4
PASIR RIS,3,68,378000,94,13
PASIR RIS,3,68,384000,94,13
PASIR RIS,3,68,370000,94,4
PASIR RIS,3,68,385000,94,7
PASIR RIS,4,104,408000,74,13
PASIR RIS,4,104,407000,74,7
PASIR RIS,4,110,418000,72,7
PASIR RIS,4,107,415000,72,13
PASIR RIS,4,103,400000,68,4
PASIR RIS,4,110,400000,68,1
PASIR RIS,4,104,395000,67,1
PASIR RIS,4,104,415000,67,7
PASIR RIS,4,103,430000,68,4
PASIR RIS,4,114,415000,69,1
PASIR RIS,4,105,425000,68,10
PASIR RIS,4,103,385000,68,7
PASIR RIS,4,103,375000,68,1
PASIR RIS,4,107,405000,72,4
PASIR RIS,4,93,530000,94,10
PASIR RIS,4,93,535000,94,4
PASIR RIS,4,93,500000,94,4
PASIR RIS,4,93,550000,94,10
PASIR RIS,4,104,410000,72,7
PASIR RIS,4,93,477000,94,1
PASIR RIS,4,93,510000,94,1
PASIR RIS,4,93,545000,94,4
PASIR RIS,4,103,395000,75,4
PASIR RIS,4,105,420000,76,10
PASIR RIS,5,120,475000,74,1
PASIR RIS,5,131,460000,68,4
PASIR RIS,5,124,450000,72,7
PASIR RIS,5,127,475000,72,7
PASIR RIS,5,122,475000,68,10
PASIR RIS,5,128,510000,74,4
PASIR RIS,5,137,482000,72,4
PASIR RIS,5,113,600000,94,1
PASIR RIS,5,123,515000,71,10
PASIR RIS,5,113,650000,94,10
PASIR RIS,5,113,620000,94,7
PASIR RIS,5,113,615000,94,4
PASIR RIS,5,113,608888,94,10
PASIR RIS,5,123,490000,72,1
PASIR RIS,5,129,535000,73,4
PASIR RIS,5,125,510000,75,10
PASIR RIS,6,146,630000,74,10
PASIR RIS,6,144,700000,72,10
PASIR RIS,6,146,715000,68,1
PASIR RIS,6,146,675000,69,1
PASIR RIS,6,146,545000,73,4
PASIR RIS,6,149,538000,72,7
PASIR RIS,6,144,735000,72,10
PASIR RIS,6,146,633000,72,4
PASIR RIS,6,146,525000,75,1
PASIR RIS,2,47,280000,94,10
PASIR RIS,2,47,255000,94,4
PASIR RIS,3,68,372500,94,7
PASIR RIS,3,68,404000,94,4
PASIR RIS,3,68,368000,94,4
PASIR RIS,3,68,380000,94,4
PASIR RIS,3,68,380000,94,7
PASIR RIS,3,68,380000,94,4
PASIR RIS,4,110,380000,74,1
PASIR RIS,4,114,460000,75,10
PASIR RIS,4,106,410000,72,4
PASIR RIS,4,103,372000,71,7
PASIR RIS,4,105,410000,68,4
PASIR RIS,4,84,357000,67,10
PASIR RIS,4,105,380000,68,1
PASIR RIS,4,104,420000,68,4
PASIR RIS,4,106,390000,69,7
PASIR RIS,4,105,365000,68,1
PASIR RIS,4,106,380000,69,7
PASIR RIS,4,93,542000,94,10
PASIR RIS,4,93,510000,94,1
PASIR RIS,4,93,580000,94,13
PASIR RIS,4,93,530000,94,4
PASIR RIS,4,93,540000,94,10
PASIR RIS,4,93,570000,94,10
PASIR RIS,4,93,553000,94,10
PASIR RIS,4,93,535000,94,13
PASIR RIS,4,93,520000,94,4
PASIR RIS,4,93,510000,94,4
PASIR RIS,4,93,560000,94,13
PASIR RIS,4,93,503000,94,1
PASIR RIS,4,93,500000,94,4
PASIR RIS,4,93,530000,94,10
PASIR RIS,4,104,415000,75,7
PASIR RIS,5,128,475000,75,1
PASIR RIS,5,127,435000,75,1
PASIR RIS,5,123,495000,75,13
PASIR RIS,5,127,465000,72,4
PASIR RIS,5,122,450000,68,7
PASIR RIS,5,127,488000,72,4
PASIR RIS,5,124,500000,68,4
PASIR RIS,5,124,475000,72,13
PASIR RIS,5,124,465000,72,1
PASIR RIS,5,123,439000,72,4
PASIR RIS,5,123,475000,69,1
PASIR RIS,5,127,465000,73,7
PASIR RIS,5,113,590000,94,4
PASIR RIS,5,123,526500,71,10
PASIR RIS,5,113,640000,94,10
PASIR RIS,5,113,617500,94,4
PASIR RIS,5,113,615000,94,7
PASIR RIS,5,113,620000,94,10
PASIR RIS,5,113,615000,94,7
PASIR RIS,5,122,505000,71,10
PASIR RIS,5,129,515000,72,10
PASIR RIS,5,125,454500,75,1
PASIR RIS,5,128,460000,75,4
PASIR RIS,6,145,685000,71,4
PASIR RIS,6,148,578000,74,1
PASIR RIS,6,142,530000,71,1
PASIR RIS,6,146,585000,74,7
PASIR RIS,6,147,560000,74,4
PASIR RIS,6,149,588000,72,7
PASIR RIS,6,149,585000,72,7
PASIR RIS,6,145,628000,71,1
PASIR RIS,6,147,630000,72,4
PASIR RIS,6,146,580000,72,4
PASIR RIS,6,147,775000,74,10
PASIR RIS,6,146,526800,75,1
PASIR RIS,3,68,380000,94,7
PASIR RIS,3,68,380000,94,4
PASIR RIS,4,111,400000,74,1
PASIR RIS,4,104,410000,75,4
PASIR RIS,4,104,405000,71,4
PASIR RIS,4,105,410000,71,7
PASIR RIS,4,105,428000,68,10
PASIR RIS,4,105,395000,69,1
PASIR RIS,4,105,441000,68,4
PASIR RIS,4,103,400000,68,4
PASIR RIS,4,103,398000,68,10
PASIR RIS,4,103,400000,68,4
PASIR RIS,4,108,378000,73,1
PASIR RIS,4,106,380000,72,1
PASIR RIS,4,103,370000,68,1
PASIR RIS,4,109,390000,74,1
PASIR RIS,4,108,360000,72,1
PASIR RIS,4,106,415000,72,10
PASIR RIS,4,93,540000,94,13
PASIR RIS,4,93,520000,94,4
PASIR RIS,4,93,500000,94,7
PASIR RIS,4,93,515000,94,4
PASIR RIS,4,93,525000,94,4
PASIR RIS,4,93,540000,94,10
PASIR RIS,4,93,532000,94,10
PASIR RIS,4,93,545000,94,7
PASIR RIS,4,93,480000,94,1
PASIR RIS,4,93,536000,94,7
PASIR RIS,4,93,490000,94,4
PASIR RIS,4,112,455000,74,1
PASIR RIS,4,104,393000,75,4
PASIR RIS,4,105,425000,75,4
PASIR RIS,4,104,380888,75,1
PASIR RIS,4,106,387000,75,1
PASIR RIS,4,104,395000,75,10
PASIR RIS,5,124,500000,74,4
PASIR RIS,5,120,448000,74,7
PASIR RIS,5,124,470000,72,4
PASIR RIS,5,123,420000,72,4
PASIR RIS,5,139,500000,72,7
PASIR RIS,5,126,490000,72,10
PASIR RIS,5,126,490000,73,1
PASIR RIS,5,132,475000,72,1
PASIR RIS,5,126,515000,72,10
PASIR RIS,5,113,590000,94,1
PASIR RIS,5,113,590000,94,1
PASIR RIS,5,113,640000,94,7
PASIR RIS,5,129,525000,72,7
PASIR RIS,5,129,563000,72,7
PASIR RIS,5,126,542000,74,1
PASIR RIS,5,128,515000,75,7
PASIR RIS,6,149,660000,74,7
PASIR RIS,6,149,606500,74,7
PASIR RIS,6,150,613888,74,7
PASIR RIS,6,142,600000,71,4
PASIR RIS,6,151,575000,67,4
PASIR RIS,6,149,675000,67,10
PASIR RIS,6,149,580000,72,10
PASIR RIS,6,148,567000,72,10
PASIR RIS,6,144,770000,71,7
PASIR RIS,6,143,630000,71,7
PASIR RIS,6,146,670000,72,13
PASIR RIS,6,149,700000,74,1
PASIR RIS,6,148,710000,74,1
PASIR RIS,6,144,639000,75,7
PASIR RIS,2,47,259000,94,7
PASIR RIS,2,47,250000,94,1
PASIR RIS,2,47,270000,94,10
PASIR RIS,3,66,270800,60,4
PASIR RIS,3,68,390000,94,13
PASIR RIS,4,104,400000,74,7
PASIR RIS,4,111,430000,74,4
PASIR RIS,4,104,430000,71,4
PASIR RIS,4,114,426000,71,10
PASIR RIS,4,113,455000,68,13
PASIR RIS,4,104,450000,67,10
PASIR RIS,4,84,360000,67,7
PASIR RIS,4,111,418000,68,4
PASIR RIS,4,103,362500,68,7
PASIR RIS,4,107,385000,72,4
PASIR RIS,4,107,430000,72,10
PASIR RIS,4,93,543000,94,7
PASIR RIS,4,93,520000,94,7
PASIR RIS,4,93,543000,94,7
PASIR RIS,4,93,515000,94,10
PASIR RIS,4,93,518000,94,4
PASIR RIS,4,93,542000,94,10
PASIR RIS,4,93,460000,94,1
PASIR RIS,4,93,538000,94,10
PASIR RIS,4,93,480000,94,1
PASIR RIS,4,93,525000,94,10
PASIR RIS,4,104,425000,75,10
PASIR RIS,4,104,400000,75,7
PASIR RIS,5,122,513888,74,10
PASIR RIS,5,121,515000,74,13
PASIR RIS,5,122,468000,71,4
PASIR RIS,5,138,490888,72,7
PASIR RIS,5,128,460000,72,7
PASIR RIS,5,123,460000,72,7
PASIR RIS,5,123,495000,72,10
PASIR RIS,5,126,460000,72,1
PASIR RIS,5,126,468000,72,1
PASIR RIS,5,113,690000,94,13
PASIR RIS,5,123,500000,71,10
PASIR RIS,5,113,628000,94,4
PASIR RIS,5,123,450000,72,1
PASIR RIS,5,123,540000,72,4
PASIR RIS,5,129,472500,72,1
PASIR RIS,5,126,490000,75,10
PASIR RIS,5,128,535000,75,16
PASIR RIS,5,124,535000,75,7
PASIR RIS,6,154,688000,74,1
PASIR RIS,6,148,610000,74,7
PASIR RIS,6,146,595000,67,4
PASIR RIS,6,143,580000,73,4
PASIR RIS,6,147,540000,72,1
PASIR RIS,6,148,760000,71,4
PASIR RIS,2,47,245000,94,1
PASIR RIS,4,103,423000,71,10
PASIR RIS,4,103,390000,68,7
PASIR RIS,4,93,525000,94,4
PASIR RIS,4,93,540000,94,10
PASIR RIS,4,93,490000,94,7
PASIR RIS,4,93,477000,94,1
PASIR RIS,4,93,500000,94,7
PASIR RIS,4,108,430000,74,1
PASIR RIS,4,105,395000,75,7
PASIR RIS,4,105,375000,75,4
PASIR RIS,5,129,530000,75,4
PASIR RIS,5,122,493000,68,13
PASIR RIS,5,123,520000,71,4
PASIR RIS,6,146,650000,67,10
PASIR RIS,6,150,630000,73,7
PASIR RIS,6,147,600000,72,4
PASIR RIS,6,146,550000,72,7
PASIR RIS,6,147,520000,72,4
PASIR RIS,6,148,585000,75,10
PASIR RIS,3,68,385000,94,10
PASIR RIS,3,68,360000,94,7
PASIR RIS,4,103,430000,69,7
PASIR RIS,4,93,495000,94,4
PASIR RIS,4,105,342000,75,1
PASIR RIS,5,122,500000,68,4
PASIR RIS,5,113,615000,94,4
PASIR RIS,5,123,523000,71,10
PASIR RIS,5,127,500000,75,10
PASIR RIS,6,146,575000,67,1
PASIR RIS,6,148,600000,72,10
PASIR RIS,6,145,538000,72,7
PASIR RIS,4,106,390000,69,4
PASIR RIS,4,103,405000,68,4
PASIR RIS,2,47,250000,94,4
PASIR RIS,2,47,265000,94,10
PASIR RIS,3,68,372000,94,4
PASIR RIS,3,68,385000,94,13
PASIR RIS,3,68,385000,94,4
PASIR RIS,3,68,398000,94,7
PASIR RIS,3,68,382000,94,7
PASIR RIS,4,104,400000,74,10
PASIR RIS,4,104,412000,74,7
PASIR RIS,4,104,388000,71,10
PASIR RIS,4,106,410000,68,4
PASIR RIS,4,94,390000,68,7
PASIR RIS,4,105,430000,68,1
PASIR RIS,4,103,395000,68,7
PASIR RIS,4,107,407000,68,4
PASIR RIS,4,113,450000,69,10
PASIR RIS,4,105,415000,68,4
PASIR RIS,4,106,410000,67,4
PASIR RIS,4,105,395000,73,10
PASIR RIS,4,94,365000,68,4
PASIR RIS,4,105,390000,67,4
PASIR RIS,4,105,370000,72,1
PASIR RIS,4,107,408000,73,4
PASIR RIS,4,107,380000,72,4
PASIR RIS,4,93,535000,94,7
PASIR RIS,4,93,525000,94,13
PASIR RIS,4,93,530000,94,7
PASIR RIS,4,93,535000,94,7
PASIR RIS,4,104,428000,72,7
PASIR RIS,4,104,350000,72,1
PASIR RIS,4,93,535000,94,10
PASIR RIS,4,93,485000,94,1
PASIR RIS,4,93,520000,94,4
PASIR RIS,4,93,508000,94,7
PASIR RIS,4,93,483000,94,4
PASIR RIS,4,93,542000,94,10
PASIR RIS,4,93,510000,94,7
PASIR RIS,4,93,528000,94,7
PASIR RIS,4,104,390000,72,1
PASIR RIS,4,113,505888,74,7
PASIR RIS,4,106,410000,75,10
PASIR RIS,4,106,358000,75,7
PASIR RIS,4,105,430000,75,10
PASIR RIS,4,104,395000,75,4
PASIR RIS,4,104,420000,75,7
PASIR RIS,4,107,420000,75,13
PASIR RIS,4,104,375000,75,1
PASIR RIS,5,129,508000,75,10
PASIR RIS,5,123,460000,74,4
PASIR RIS,5,105,790000,94,4
PASIR RIS,5,121,480000,74,7
PASIR RIS,5,122,465000,71,1
PASIR RIS,5,122,435000,68,7
PASIR RIS,5,123,485000,68,4
PASIR RIS,5,131,515000,68,10
PASIR RIS,5,131,510000,68,10
PASIR RIS,5,126,440000,68,1
PASIR RIS,5,126,480000,68,4
PASIR RIS,5,128,463800,72,13
PASIR RIS,5,122,455000,72,4
PASIR RIS,5,126,460000,72,1
PASIR RIS,5,126,435000,72,1
PASIR RIS,5,124,452000,72,4
PASIR RIS,5,123,490000,71,4
PASIR RIS,5,113,630000,94,7
PASIR RIS,5,113,620000,94,4
PASIR RIS,5,113,599000,94,4
PASIR RIS,5,113,535000,94,1
PASIR RIS,5,113,650000,94,10
PASIR RIS,5,133,512500,72,1
PASIR RIS,5,134,545000,72,13
PASIR RIS,5,129,515000,72,1
PASIR RIS,5,127,470000,75,4
PASIR RIS,5,126,480000,75,7
PASIR RIS,5,128,500000,75,10
PASIR RIS,6,146,575000,74,4
PASIR RIS,6,148,610000,74,4
PASIR RIS,6,150,615000,74,4
PASIR RIS,6,144,645000,71,7
PASIR RIS,6,149,708000,68,4
PASIR RIS,6,145,575000,73,7
PASIR RIS,6,146,595000,67,4
PASIR RIS,6,149,575000,73,4
PASIR RIS,6,149,588888,72,10
PASIR RIS,6,147,545000,72,1
PASIR RIS,6,147,560000,72,4
PASIR RIS,6,146,545000,73,1
PASIR RIS,6,149,573000,72,4
PASIR RIS,6,143,650000,71,4
PASIR RIS,6,146,650000,72,7
PASIR RIS,6,147,700000,74,7
PASIR RIS,6,147,540000,75,1
PASIR RIS,2,47,263000,94,7
PASIR RIS,2,47,260000,94,7
PASIR RIS,2,47,265000,94,7
PASIR RIS,2,47,285000,94,10
PASIR RIS,3,66,277000,60,4
PASIR RIS,3,68,385000,94,13
PASIR RIS,3,68,370000,94,1
PASIR RIS,3,68,410000,94,10
PASIR RIS,3,68,360000,94,1
PASIR RIS,3,68,378000,94,7
PASIR RIS,3,68,375000,94,1
PASIR RIS,3,68,380000,94,4
PASIR RIS,3,68,378000,94,1
PASIR RIS,4,104,400000,73,10
PASIR RIS,4,116,453000,74,1
PASIR RIS,4,104,385000,71,4
PASIR RIS,4,105,428000,68,4
PASIR RIS,4,108,395000,68,1
PASIR RIS,4,103,418000,68,4
PASIR RIS,4,103,410000,68,4
PASIR RIS,4,103,380000,68,7
PASIR RIS,4,106,363000,67,1
PASIR RIS,4,108,410000,72,10
PASIR RIS,4,93,487000,94,4
PASIR RIS,4,93,480000,94,1
PASIR RIS,4,93,498000,94,1
PASIR RIS,4,93,537000,94,10
PASIR RIS,4,93,520000,94,7
PASIR RIS,4,93,528000,94,7
PASIR RIS,4,93,482000,94,1
PASIR RIS,4,93,525000,94,7
PASIR RIS,4,93,543000,94,13
PASIR RIS,4,104,355000,72,1
PASIR RIS,4,93,500000,94,4
PASIR RIS,4,93,531000,94,7
PASIR RIS,4,93,525000,94,7
PASIR RIS,4,106,437000,72,13
PASIR RIS,4,113,465000,74,4
PASIR RIS,4,109,458888,74,10
PASIR RIS,4,106,420000,75,4
PASIR RIS,4,106,382000,75,4
PASIR RIS,4,104,390000,75,1
PASIR RIS,4,106,428888,75,13
PASIR RIS,4,104,400000,75,7
PASIR RIS,4,104,370000,75,1
PASIR RIS,4,104,390000,75,4
PASIR RIS,4,111,440000,75,4
PASIR RIS,5,122,505000,68,10
PASIR RIS,5,122,511000,68,7
PASIR RIS,5,122,525000,68,4
PASIR RIS,5,122,468000,68,7
PASIR RIS,5,132,503888,67,4
PASIR RIS,5,124,450000,72,7
PASIR RIS,5,128,430000,67,10
PASIR RIS,5,123,490000,72,7
PASIR RIS,5,122,458000,72,4
PASIR RIS,5,122,450000,67,10
PASIR RIS,5,127,445000,72,1
PASIR RIS,5,130,485000,72,4
PASIR RIS,5,126,515000,72,1
PASIR RIS,5,135,490000,71,7
PASIR RIS,5,126,450000,72,4
PASIR RIS,5,130,520000,72,7
PASIR RIS,5,130,476000,72,4
PASIR RIS,5,113,666000,94,10
PASIR RIS,5,113,655000,94,13
PASIR RIS,5,113,643000,94,7
PASIR RIS,5,113,595000,94,1
PASIR RIS,5,113,600000,94,1
PASIR RIS,5,113,650000,94,10
PASIR RIS,5,113,608000,94,10
PASIR RIS,5,127,545000,72,13
PASIR RIS,5,129,550000,72,7
PASIR RIS,5,124,555000,74,4
PASIR RIS,5,127,465000,75,4
PASIR RIS,5,127,500000,75,10
PASIR RIS,5,128,480000,75,10
PASIR RIS,5,126,515000,75,13
PASIR RIS,5,125,510000,75,13
PASIR RIS,5,124,545000,75,10
PASIR RIS,6,155,615000,74,1
PASIR RIS,6,149,700000,74,16
PASIR RIS,6,147,668000,71,10
PASIR RIS,6,144,685000,71,7
PASIR RIS,6,146,708000,68,1
PASIR RIS,6,146,643000,67,4
PASIR RIS,6,146,588800,67,4
PASIR RIS,6,146,645000,67,4
PASIR RIS,6,147,548000,72,13
PASIR RIS,6,148,588888,72,7
PASIR RIS,6,146,595000,72,13
PASIR RIS,6,149,620000,72,7
PASIR RIS,6,147,560000,72,7
PASIR RIS,6,145,520000,73,4
PASIR RIS,6,146,680000,72,13
PASIR RIS,6,143,615000,75,4
PASIR RIS,6,148,622000,74,4
PASIR RIS,2,47,270000,94,10
PASIR RIS,4,111,425000,74,10
PASIR RIS,4,103,415000,74,4
PASIR RIS,4,104,418000,74,7
PASIR RIS,4,105,415000,71,7
PASIR RIS,4,107,410000,72,4
PASIR RIS,4,105,390000,68,1
PASIR RIS,4,105,425000,68,7
PASIR RIS,4,113,465000,68,10
PASIR RIS,4,103,430000,67,4
PASIR RIS,4,105,365000,67,1
PASIR RIS,4,94,380000,67,10
PASIR RIS,4,104,410000,67,4
PASIR RIS,4,93,555000,94,10
PASIR RIS,4,93,508000,94,4
PASIR RIS,4,93,498000,94,4
PASIR RIS,4,93,530000,93,13
PASIR RIS,4,104,407000,71,1
PASIR RIS,4,93,535000,94,10
PASIR RIS,4,93,525000,93,4
PASIR RIS,4,93,500888,93,4
PASIR RIS,4,93,512000,93,7
PASIR RIS,4,93,515000,93,4
PASIR RIS,4,93,490888,93,4
PASIR RIS,4,93,540000,93,10
PASIR RIS,4,106,410000,72,1
PASIR RIS,4,104,410000,72,4
PASIR RIS,4,104,395000,75,10
PASIR RIS,4,104,400000,75,7
PASIR RIS,4,105,385000,75,4
PASIR RIS,5,123,490000,73,10
PASIR RIS,5,122,495000,74,4
PASIR RIS,5,121,559000,73,13
PASIR RIS,5,124,440000,71,1
PASIR RIS,5,121,477500,71,4
PASIR RIS,5,122,495000,67,4
PASIR RIS,5,126,480000,72,10
PASIR RIS,5,123,460000,67,4
PASIR RIS,5,122,483000,72,7
PASIR RIS,5,137,485000,72,4
PASIR RIS,5,123,492000,71,1
PASIR RIS,5,113,620000,93,4
PASIR RIS,5,113,670000,93,10
PASIR RIS,5,129,512000,72,4
PASIR RIS,5,128,545000,74,7
PASIR RIS,5,126,478000,75,10
PASIR RIS,5,127,522000,75,13
PASIR RIS,5,123,500000,75,7
PASIR RIS,5,121,498000,75,10
PASIR RIS,5,127,450000,74,4
PASIR RIS,6,149,645000,73,1
PASIR RIS,6,155,630000,73,10
PASIR RIS,6,146,555000,74,7
PASIR RIS,6,146,590000,74,7
PASIR RIS,6,144,605000,71,1
PASIR RIS,6,142,600000,71,4
PASIR RIS,6,149,721800,67,4
PASIR RIS,6,149,565000,73,7
PASIR RIS,6,147,580000,66,1
PASIR RIS,6,146,625000,67,7
PASIR RIS,6,148,520000,73,1
PASIR RIS,6,147,573000,72,7
PASIR RIS,6,152,550000,71,7
PASIR RIS,6,146,518000,72,7
PASIR RIS,6,148,575000,71,1
PASIR RIS,6,146,565000,72,4
PASIR RIS,6,148,588000,72,7
PASIR RIS,6,145,585000,71,10
PASIR RIS,6,146,570000,71,1
PASIR RIS,6,150,548000,71,1
PASIR RIS,6,149,580000,71,1
PASIR RIS,6,144,705000,71,13
PASIR RIS,6,144,680000,71,10
PASIR RIS,6,144,640000,71,1
PASIR RIS,6,152,730000,74,10
PASIR RIS,6,143,633000,75,7
