town,flat_type,floor_area_sqm,resale_price,remaining_lease,storey_range
SEMBAWANG,4,86,305000,82,1
SEMBAWANG,4,100,335000,81,4
SEMBAWANG,4,100,342000,81,1
SEMBAWANG,4,91,358000,83,10
SEMBAWANG,4,96,363000,92,4
SEMBAWANG,4,102,365000,83,10
SEMBAWANG,4,90,365000,83,10
SEMBAWANG,4,96,380000,83,4
SEMBAWANG,4,95,390000,83,13
SEMBAWANG,4,101,398000,81,13
SEMBAWANG,5,110,390000,83,4
SEMBAWANG,5,121,392000,81,7
SEMBAWANG,5,116,410000,81,7
SEMBAWANG,5,110,415000,83,10
SEMBAWANG,5,110,428000,84,4
SEMBAWANG,5,120,435000,80,10
SEMBAWANG,5,110,445000,83,7
SEMBAWANG,5,110,450000,84,10
SEMBAWANG,5,110,485000,83,10
SEMBAWANG,6,141,465000,80,4
SEMBAWANG,6,125,495000,84,7
SEMBAWANG,6,139,505000,81,4
SEMBAWANG,6,139,515000,81,7
SEMBAWANG,4,87,313000,86,7
SEMBAWANG,4,85,313000,85,1
SEMBAWANG,4,100,328000,81,1
SEMBAWANG,4,88,340000,82,13
SEMBAWANG,4,86,342000,83,7
SEMBAWANG,4,90,350000,83,7
SEMBAWANG,4,94,366000,92,10
SEMBAWANG,4,90,368000,86,13
SEMBAWANG,4,91,368888,83,7
SEMBAWANG,4,90,372888,86,4
SEMBAWANG,4,96,390000,92,13
SEMBAWANG,4,91,406000,83,4
SEMBAWANG,5,110,350000,83,4
SEMBAWANG,5,110,373000,83,1
SEMBAWANG,5,110,380000,83,1
SEMBAWANG,5,110,385000,86,7
SEMBAWANG,5,111,400000,85,13
SEMBAWANG,5,110,405000,83,10
SEMBAWANG,5,110,410000,83,4
SEMBAWANG,5,111,413000,83,7
SEMBAWANG,5,122,420000,81,4
SEMBAWANG,5,110,430000,83,13
SEMBAWANG,5,110,452000,83,7
SEMBAWANG,5,110,453000,84,7
SEMBAWANG,6,130,439999,83,7
SEMBAWANG,6,137,440000,83,10
SEMBAWANG,6,131,457000,83,1
SEMBAWANG,6,130,457000,83,13
SEMBAWANG,6,137,475000,83,16
SEMBAWANG,6,131,483000,83,10
SEMBAWANG,6,131,495000,83,7
SEMBAWANG,6,141,500000,80,7
SEMBAWANG,4,85,304000,85,10
SEMBAWANG,4,100,318000,81,4
SEMBAWANG,4,91,330000,82,10
SEMBAWANG,4,90,346888,83,10
SEMBAWANG,4,90,353800,83,7
SEMBAWANG,4,90,358000,86,10
SEMBAWANG,4,94,360000,92,4
SEMBAWANG,4,100,360000,80,1
SEMBAWANG,4,90,360000,84,10
SEMBAWANG,4,100,360000,81,13
SEMBAWANG,4,94,365000,92,10
SEMBAWANG,4,86,365000,84,7
SEMBAWANG,4,95,370000,83,7
SEMBAWANG,4,96,370888,92,4
SEMBAWANG,4,95,375000,83,10
SEMBAWANG,4,94,378000,92,10
SEMBAWANG,4,91,380000,83,10
SEMBAWANG,4,102,385000,83,10
SEMBAWANG,4,101,388000,81,13
SEMBAWANG,4,91,405000,87,16
SEMBAWANG,4,93,425000,83,7
SEMBAWANG,5,111,358000,86,4
SEMBAWANG,5,118,375000,83,1
SEMBAWANG,5,110,375000,86,4
SEMBAWANG,5,110,380000,87,16
SEMBAWANG,5,121,388000,80,1
SEMBAWANG,5,111,393000,86,13
SEMBAWANG,5,110,395000,83,10
SEMBAWANG,5,116,400000,81,4
SEMBAWANG,5,111,408000,83,7
SEMBAWANG,5,110,410000,83,7
SEMBAWANG,5,110,410000,83,4
SEMBAWANG,5,122,410000,81,1
SEMBAWANG,5,111,417000,83,7
SEMBAWANG,5,110,421388,83,7
SEMBAWANG,5,110,435000,87,13
SEMBAWANG,5,110,448000,84,10
SEMBAWANG,5,121,465000,81,7
SEMBAWANG,5,113,485000,83,13
SEMBAWANG,5,113,488000,83,13
SEMBAWANG,6,137,435000,83,10
SEMBAWANG,6,130,458000,83,10
SEMBAWANG,6,137,465000,83,7
SEMBAWANG,6,131,468000,83,7
SEMBAWANG,6,130,488800,82,7
SEMBAWANG,6,141,506000,80,4
SEMBAWANG,6,126,540000,83,13
SEMBAWANG,6,131,468000,83,7
SEMBAWANG,5,120,440000,80,10
SEMBAWANG,4,90,313000,86,1
SEMBAWANG,4,90,315000,86,1
SEMBAWANG,4,90,318888,86,1
SEMBAWANG,4,90,320000,82,1
SEMBAWANG,4,90,325000,82,1
SEMBAWANG,4,90,327000,86,13
SEMBAWANG,4,86,328000,85,13
SEMBAWANG,4,90,333000,86,10
SEMBAWANG,4,96,340000,92,1
SEMBAWANG,4,94,342000,92,1
SEMBAWANG,4,90,345000,82,4
SEMBAWANG,4,95,345000,83,1
SEMBAWANG,4,90,345000,82,10
SEMBAWANG,4,90,346000,86,1
SEMBAWANG,4,95,348000,83,13
SEMBAWANG,4,88,348000,82,10
SEMBAWANG,4,100,350000,81,1
SEMBAWANG,4,102,355000,83,4
SEMBAWANG,4,85,355000,86,7
SEMBAWANG,4,90,359000,86,4
SEMBAWANG,4,91,360000,83,4
SEMBAWANG,4,95,365000,83,13
SEMBAWANG,4,91,368000,83,10
SEMBAWANG,4,95,368000,83,13
SEMBAWANG,4,101,370000,81,10
SEMBAWANG,4,95,377000,83,10
SEMBAWANG,4,93,415000,83,4
SEMBAWANG,5,110,350000,83,4
SEMBAWANG,5,110,382000,82,10
SEMBAWANG,5,110,390000,83,7
SEMBAWANG,5,110,395000,82,13
SEMBAWANG,5,121,400000,81,13
SEMBAWANG,5,120,400000,80,7
SEMBAWANG,5,110,408000,83,10
SEMBAWANG,5,110,410000,83,4
SEMBAWANG,5,115,410000,83,7
SEMBAWANG,5,110,410000,83,10
SEMBAWANG,5,110,415000,83,10
SEMBAWANG,6,130,454000,82,4
SEMBAWANG,6,137,465000,83,16
SEMBAWANG,6,142,465000,83,10
SEMBAWANG,6,130,468000,83,4
SEMBAWANG,6,130,472800,83,7
SEMBAWANG,6,136,509000,81,4
SEMBAWANG,6,130,510000,83,4
SEMBAWANG,6,135,530000,81,10
SEMBAWANG,6,126,536000,83,13
SEMBAWANG,6,130,468000,83,4
SEMBAWANG,4,100,350000,81,7
SEMBAWANG,4,90,312000,83,1
SEMBAWANG,4,90,315000,82,10
SEMBAWANG,4,90,315000,83,4
SEMBAWANG,4,90,320000,85,4
SEMBAWANG,4,87,320000,85,13
SEMBAWANG,4,90,320800,82,7
SEMBAWANG,4,102,330000,83,7
SEMBAWANG,4,90,338000,82,4
SEMBAWANG,4,94,340000,92,1
SEMBAWANG,4,96,340000,92,1
SEMBAWANG,4,91,340000,83,7
SEMBAWANG,4,101,348000,81,1
SEMBAWANG,4,91,348000,83,10
SEMBAWANG,4,90,349200,80,13
SEMBAWANG,4,101,360000,81,1
SEMBAWANG,4,100,360000,80,7
SEMBAWANG,4,96,362000,92,7
SEMBAWANG,4,94,365000,92,10
SEMBAWANG,4,93,365000,83,4
SEMBAWANG,4,101,365000,81,10
SEMBAWANG,4,95,370000,83,13
SEMBAWANG,4,91,370000,82,4
SEMBAWANG,4,100,378000,81,4
SEMBAWANG,4,94,385000,83,13
SEMBAWANG,4,103,398000,80,13
SEMBAWANG,4,93,400000,83,10
SEMBAWANG,4,91,420000,83,4
SEMBAWANG,5,110,350000,83,13
SEMBAWANG,5,110,355000,86,1
SEMBAWANG,5,110,367000,82,1
SEMBAWANG,5,110,380000,82,7
SEMBAWANG,5,110,388000,86,13
SEMBAWANG,5,115,400000,81,1
SEMBAWANG,5,110,400000,87,13
SEMBAWANG,5,110,405000,87,1
SEMBAWANG,5,110,418000,83,4
SEMBAWANG,5,110,428000,83,4
SEMBAWANG,5,122,428800,81,10
SEMBAWANG,5,110,430000,83,4
SEMBAWANG,5,115,430000,81,7
SEMBAWANG,5,123,439000,81,10
SEMBAWANG,5,110,442000,84,10
SEMBAWANG,5,111,459000,83,16
SEMBAWANG,5,110,494000,83,10
SEMBAWANG,6,131,422000,83,4
SEMBAWANG,6,130,445000,83,10
SEMBAWANG,6,130,447000,82,4
SEMBAWANG,6,130,470000,83,4
SEMBAWANG,6,130,473800,82,7
SEMBAWANG,6,130,482000,82,13
SEMBAWANG,6,131,490000,83,16
SEMBAWANG,6,130,495000,83,1
SEMBAWANG,6,130,495000,83,1
SEMBAWANG,6,125,500000,84,4
SEMBAWANG,6,143,510000,80,1
SEMBAWANG,6,141,530000,80,7
SEMBAWANG,6,143,550000,80,4
SEMBAWANG,4,90,300000,82,7
SEMBAWANG,4,90,315000,85,7
SEMBAWANG,4,87,323000,82,4
SEMBAWANG,4,90,336000,84,10
SEMBAWANG,4,101,347000,81,7
SEMBAWANG,4,90,355000,82,10
SEMBAWANG,4,101,355000,80,4
SEMBAWANG,4,101,360000,81,13
SEMBAWANG,4,93,360000,87,16
SEMBAWANG,4,90,368000,83,7
SEMBAWANG,4,95,376000,83,16
SEMBAWANG,4,95,377888,83,10
SEMBAWANG,4,93,380000,83,10
SEMBAWANG,4,100,385000,80,13
SEMBAWANG,4,96,390000,92,13
SEMBAWANG,5,111,355000,83,1
SEMBAWANG,5,110,368000,85,1
SEMBAWANG,5,110,390000,82,10
SEMBAWANG,5,121,390000,80,4
SEMBAWANG,5,110,394000,82,4
SEMBAWANG,5,110,400000,82,7
SEMBAWANG,5,110,402000,85,10
SEMBAWANG,5,110,403888,83,16
SEMBAWANG,5,111,410000,83,10
SEMBAWANG,5,110,410000,82,13
SEMBAWANG,5,110,415000,83,10
SEMBAWANG,5,110,416000,86,4
SEMBAWANG,5,110,428000,83,10
SEMBAWANG,5,110,442500,84,10
SEMBAWANG,5,120,450000,80,13
SEMBAWANG,5,122,455000,80,13
SEMBAWANG,5,122,465000,80,4
SEMBAWANG,6,137,445000,82,4
SEMBAWANG,6,142,445000,83,13
SEMBAWANG,6,137,465000,83,13
SEMBAWANG,6,131,470000,83,4
SEMBAWANG,6,141,475000,80,1
SEMBAWANG,6,130,488000,83,7
SEMBAWANG,6,141,490000,80,1
SEMBAWANG,6,130,500000,83,10
SEMBAWANG,6,125,505000,84,4
SEMBAWANG,6,141,525000,80,4
SEMBAWANG,4,90,290000,85,1
SEMBAWANG,4,85,300000,85,1
SEMBAWANG,4,87,315000,85,7
SEMBAWANG,4,90,315000,85,7
SEMBAWANG,4,87,316555,85,13
SEMBAWANG,4,86,318000,82,1
SEMBAWANG,4,88,321000,82,1
SEMBAWANG,4,90,325000,85,7
SEMBAWANG,4,86,330000,82,7
SEMBAWANG,4,91,330000,82,13
SEMBAWANG,4,86,330000,82,10
SEMBAWANG,4,90,335000,80,10
SEMBAWANG,4,90,335000,82,7
SEMBAWANG,4,88,338000,82,13
SEMBAWANG,4,95,340000,83,1
SEMBAWANG,4,100,340000,80,4
SEMBAWANG,4,86,341888,82,13
SEMBAWANG,4,90,348000,87,10
SEMBAWANG,4,91,348000,82,10
SEMBAWANG,4,90,355000,82,10
SEMBAWANG,4,90,355000,86,7
SEMBAWANG,4,102,358000,83,13
SEMBAWANG,4,90,360000,87,13
SEMBAWANG,4,96,362000,92,7
SEMBAWANG,4,94,380000,92,13
SEMBAWANG,4,93,395000,83,13
SEMBAWANG,4,95,400000,83,16
SEMBAWANG,4,93,405000,83,13
SEMBAWANG,5,110,340000,85,7
SEMBAWANG,5,110,360000,82,4
SEMBAWANG,5,121,362000,80,1
SEMBAWANG,5,118,370000,82,1
SEMBAWANG,5,110,378000,82,1
SEMBAWANG,5,110,380000,87,7
SEMBAWANG,5,110,380000,82,4
SEMBAWANG,5,110,390000,82,13
SEMBAWANG,5,110,398000,82,10
SEMBAWANG,5,111,400000,82,7
SEMBAWANG,5,110,402000,83,10
SEMBAWANG,5,110,405000,82,7
SEMBAWANG,5,110,418000,82,4
SEMBAWANG,5,110,425000,82,10
SEMBAWANG,5,121,428000,80,4
SEMBAWANG,5,110,428000,83,4
SEMBAWANG,5,110,428888,83,10
SEMBAWANG,5,110,450000,83,7
SEMBAWANG,5,123,453000,80,10
SEMBAWANG,5,115,455000,81,7
SEMBAWANG,5,111,458000,82,10
SEMBAWANG,5,113,460000,83,10
SEMBAWANG,5,113,480000,83,13
SEMBAWANG,6,131,450000,82,1
SEMBAWANG,6,141,455000,80,1
SEMBAWANG,6,131,465000,83,4
SEMBAWANG,6,139,465000,81,1
SEMBAWANG,6,130,480000,83,7
SEMBAWANG,6,130,490000,83,10
SEMBAWANG,6,131,491000,82,7
SEMBAWANG,6,130,495000,83,10
SEMBAWANG,6,141,514000,80,10
SEMBAWANG,4,90,305000,84,1
SEMBAWANG,4,85,310000,84,4
SEMBAWANG,4,90,310000,85,7
SEMBAWANG,4,87,310888,85,7
SEMBAWANG,4,90,315000,85,10
SEMBAWANG,4,91,315000,80,10
SEMBAWANG,4,91,325000,82,4
SEMBAWANG,4,91,328000,85,16
SEMBAWANG,4,90,328000,85,7
SEMBAWANG,4,86,330000,84,13
SEMBAWANG,4,91,335000,87,4
SEMBAWANG,4,91,338000,85,16
SEMBAWANG,4,94,340000,92,1
SEMBAWANG,4,90,340000,85,10
SEMBAWANG,4,95,343888,83,4
SEMBAWANG,4,90,345000,85,13
SEMBAWANG,4,85,350000,86,7
SEMBAWANG,4,90,352000,82,4
SEMBAWANG,4,90,356000,82,7
SEMBAWANG,4,101,360000,80,7
SEMBAWANG,4,93,375000,87,16
SEMBAWANG,4,95,380000,83,7
SEMBAWANG,4,101,380000,80,4
SEMBAWANG,5,110,333000,82,1
SEMBAWANG,5,110,340000,82,1
SEMBAWANG,5,123,368000,82,1
SEMBAWANG,5,110,370000,82,4
SEMBAWANG,5,121,375000,80,1
SEMBAWANG,5,110,375000,82,1
SEMBAWANG,5,118,380000,82,7
SEMBAWANG,5,110,382000,82,13
SEMBAWANG,5,110,385000,82,13
SEMBAWANG,5,116,398000,81,1
SEMBAWANG,5,118,400000,82,4
SEMBAWANG,5,110,400000,82,13
SEMBAWANG,5,110,422000,83,10
SEMBAWANG,5,111,425000,82,13
SEMBAWANG,5,120,455000,80,13
SEMBAWANG,5,123,462000,80,13
SEMBAWANG,5,110,463000,83,7
SEMBAWANG,5,113,465000,83,13
SEMBAWANG,5,111,470000,83,4
SEMBAWANG,5,113,488000,83,13
SEMBAWANG,6,130,428000,82,7
SEMBAWANG,6,137,465000,82,4
SEMBAWANG,6,130,468000,83,1
SEMBAWANG,6,130,498000,82,13
SEMBAWANG,6,130,510000,83,7
SEMBAWANG,6,130,516800,83,7
SEMBAWANG,6,130,468000,83,1
SEMBAWANG,2,40,235000,92,13
SEMBAWANG,4,91,295000,82,1
SEMBAWANG,4,90,295000,82,4
SEMBAWANG,4,85,308000,84,4
SEMBAWANG,4,86,320000,84,13
SEMBAWANG,4,90,320000,85,4
SEMBAWANG,4,100,320000,80,4
SEMBAWANG,4,90,324000,85,7
SEMBAWANG,4,91,335000,87,4
SEMBAWANG,4,100,337000,80,4
SEMBAWANG,4,101,345000,80,16
SEMBAWANG,4,100,350000,81,7
SEMBAWANG,4,100,355000,80,4
SEMBAWANG,4,90,358000,84,10
SEMBAWANG,4,94,368000,91,10
SEMBAWANG,4,100,375000,80,16
SEMBAWANG,4,90,380000,82,7
SEMBAWANG,4,102,386000,83,7
SEMBAWANG,4,93,412000,83,13
SEMBAWANG,5,110,360000,83,1
SEMBAWANG,5,111,370000,83,4
SEMBAWANG,5,111,380000,85,4
SEMBAWANG,5,118,385000,82,4
SEMBAWANG,5,120,388000,80,1
SEMBAWANG,5,110,395000,85,16
SEMBAWANG,5,110,405000,87,7
SEMBAWANG,5,110,410000,83,7
SEMBAWANG,5,110,410000,85,7
SEMBAWANG,5,110,418000,83,1
SEMBAWANG,5,113,425000,87,16
SEMBAWANG,5,120,435000,80,10
SEMBAWANG,5,110,448888,83,7
SEMBAWANG,5,110,455000,82,16
SEMBAWANG,5,110,465000,83,10
SEMBAWANG,5,110,478000,83,10
SEMBAWANG,6,137,428000,82,10
SEMBAWANG,6,135,510000,80,4
SEMBAWANG,4,86,300000,82,7
SEMBAWANG,4,91,308000,82,1
SEMBAWANG,4,90,316000,84,7
SEMBAWANG,4,90,320000,85,7
SEMBAWANG,4,90,321000,85,13
SEMBAWANG,4,90,325000,82,1
SEMBAWANG,4,90,333000,82,10
SEMBAWANG,4,102,335000,82,10
SEMBAWANG,4,100,335000,80,1
SEMBAWANG,4,102,340000,82,10
SEMBAWANG,4,90,340000,87,10
SEMBAWANG,4,91,340000,82,10
SEMBAWANG,4,101,348000,80,4
SEMBAWANG,4,90,348000,87,13
SEMBAWANG,4,90,350000,82,13
SEMBAWANG,4,90,356000,82,7
SEMBAWANG,4,102,357000,82,7
SEMBAWANG,4,95,360000,82,4
SEMBAWANG,4,94,363000,82,16
SEMBAWANG,4,101,365000,80,10
SEMBAWANG,4,90,370000,82,10
SEMBAWANG,4,100,378000,80,13
SEMBAWANG,4,93,408000,83,13
SEMBAWANG,5,110,350000,82,1
SEMBAWANG,5,110,372500,84,10
SEMBAWANG,5,110,380000,85,10
SEMBAWANG,5,110,380000,85,4
SEMBAWANG,5,121,405000,80,4
SEMBAWANG,5,110,410000,84,7
SEMBAWANG,5,110,412000,82,7
SEMBAWANG,5,110,415000,82,4
SEMBAWANG,5,110,420000,87,13
SEMBAWANG,5,110,422000,82,13
SEMBAWANG,5,110,440000,83,4
SEMBAWANG,5,110,455000,83,7
SEMBAWANG,5,110,470000,83,10
SEMBAWANG,5,110,475000,83,4
SEMBAWANG,6,137,430000,82,13
SEMBAWANG,6,137,440000,82,7
SEMBAWANG,6,130,470000,82,10
SEMBAWANG,6,130,475000,82,7
SEMBAWANG,6,143,548000,80,4
SEMBAWANG,4,86,300000,82,4
SEMBAWANG,4,92,305000,82,1
SEMBAWANG,4,90,311888,85,13
SEMBAWANG,4,86,315000,84,13
SEMBAWANG,4,100,315000,80,4
SEMBAWANG,4,90,315000,82,7
SEMBAWANG,4,87,323000,85,7
SEMBAWANG,4,87,328000,85,7
SEMBAWANG,4,100,330000,80,7
SEMBAWANG,4,90,332000,82,10
SEMBAWANG,4,90,335000,84,10
SEMBAWANG,4,90,340000,84,13
SEMBAWANG,4,85,342000,84,10
SEMBAWANG,4,90,352000,85,4
SEMBAWANG,4,94,353000,91,4
SEMBAWANG,4,90,358000,85,10
SEMBAWANG,4,101,365000,80,10
SEMBAWANG,4,100,368000,80,10
SEMBAWANG,4,91,373000,87,16
SEMBAWANG,4,100,375000,80,10
SEMBAWANG,4,93,410000,82,10
SEMBAWANG,5,110,368000,84,4
SEMBAWANG,5,110,375000,82,7
SEMBAWANG,5,110,395000,85,13
SEMBAWANG,5,110,395000,82,10
SEMBAWANG,5,110,395000,82,7
SEMBAWANG,5,110,398000,83,1
SEMBAWANG,5,110,398000,82,10
SEMBAWANG,5,110,408000,82,1
SEMBAWANG,5,115,430000,80,13
SEMBAWANG,5,121,440000,80,4
SEMBAWANG,5,121,478000,80,10
SEMBAWANG,6,130,397000,83,1
SEMBAWANG,6,137,399000,82,7
SEMBAWANG,6,130,423000,82,1
SEMBAWANG,6,131,473000,82,13
SEMBAWANG,6,125,475000,83,7
SEMBAWANG,6,130,480000,83,10
SEMBAWANG,6,131,488000,82,13
SEMBAWANG,6,141,551000,80,13
SEMBAWANG,6,126,555000,83,13
SEMBAWANG,2,40,215000,92,10
SEMBAWANG,4,102,340000,82,4
SEMBAWANG,4,93,422000,83,13
SEMBAWANG,4,91,405000,83,4
SEMBAWANG,4,94,330000,82,1
SEMBAWANG,4,92,424000,83,10
SEMBAWANG,4,85,305000,84,10
SEMBAWANG,4,94,350000,91,16
SEMBAWANG,4,91,328000,84,16
SEMBAWANG,4,94,350000,91,13
SEMBAWANG,4,90,330000,82,10
SEMBAWANG,4,94,290000,91,1
SEMBAWANG,4,90,295000,85,1
SEMBAWANG,4,93,410000,82,10
SEMBAWANG,4,100,368000,80,13
SEMBAWANG,4,100,350000,79,10
SEMBAWANG,4,93,400000,82,4
SEMBAWANG,4,91,338000,82,4
SEMBAWANG,4,100,308000,80,1
SEMBAWANG,4,90,340000,87,13
SEMBAWANG,4,90,298000,81,13
SEMBAWANG,4,90,305000,85,1
SEMBAWANG,4,85,355000,85,7
SEMBAWANG,5,123,368000,82,4
SEMBAWANG,5,118,380000,82,4
SEMBAWANG,5,110,380000,85,4
SEMBAWANG,5,110,380000,82,13
SEMBAWANG,5,110,370000,82,10
SEMBAWANG,5,110,356000,82,7
SEMBAWANG,5,110,385000,82,13
SEMBAWANG,5,121,455000,79,13
SEMBAWANG,5,110,418000,82,10
SEMBAWANG,5,119,429000,80,4
SEMBAWANG,5,120,428888,80,13
SEMBAWANG,5,120,410000,80,1
SEMBAWANG,5,110,405000,87,13
SEMBAWANG,5,110,375000,81,4
SEMBAWANG,5,121,439000,80,4
SEMBAWANG,5,110,408000,82,7
SEMBAWANG,5,110,365000,85,4
SEMBAWANG,6,131,475000,82,7
SEMBAWANG,6,137,455000,82,10
SEMBAWANG,6,130,442000,82,4
SEMBAWANG,4,90,309000,82,1
SEMBAWANG,4,86,330000,82,10
SEMBAWANG,4,94,340000,82,1
SEMBAWANG,4,91,350000,87,1
SEMBAWANG,4,94,353000,91,13
SEMBAWANG,4,90,360000,82,13
SEMBAWANG,4,91,366000,82,7
SEMBAWANG,4,101,370000,80,13
SEMBAWANG,4,92,405000,83,13
SEMBAWANG,5,110,360000,82,1
SEMBAWANG,5,110,370000,85,13
SEMBAWANG,5,110,375000,85,16
SEMBAWANG,5,121,380000,80,4
SEMBAWANG,5,110,385000,81,1
SEMBAWANG,5,110,405000,82,7
SEMBAWANG,5,110,433000,83,7
SEMBAWANG,5,110,463000,83,7
SEMBAWANG,5,110,470000,82,10
SEMBAWANG,6,130,423000,82,1
SEMBAWANG,6,130,440000,81,4
SEMBAWANG,6,131,450000,82,7
SEMBAWANG,6,137,456888,82,13
SEMBAWANG,6,130,465000,82,10
SEMBAWANG,6,141,466000,79,1
SEMBAWANG,6,130,483000,82,10
SEMBAWANG,6,130,518000,82,7
SEMBAWANG,4,87,296000,81,7
SEMBAWANG,4,90,305000,80,1
SEMBAWANG,4,85,310000,84,7
SEMBAWANG,4,100,317000,80,7
SEMBAWANG,4,102,318800,82,10
SEMBAWANG,4,85,330500,83,10
SEMBAWANG,4,95,338000,82,4
SEMBAWANG,4,87,340000,81,13
SEMBAWANG,4,90,345000,85,4
SEMBAWANG,4,101,348000,80,7
SEMBAWANG,4,95,350000,82,10
SEMBAWANG,4,90,350000,82,7
SEMBAWANG,4,85,350000,85,7
SEMBAWANG,4,100,352000,79,16
SEMBAWANG,4,102,357000,80,10
SEMBAWANG,4,94,370000,91,16
SEMBAWANG,5,112,353000,85,4
SEMBAWANG,5,110,360000,83,4
SEMBAWANG,5,111,372000,85,7
SEMBAWANG,5,110,372000,82,7
SEMBAWANG,5,110,381000,82,13
SEMBAWANG,5,110,390000,83,13
SEMBAWANG,5,110,430000,82,1
SEMBAWANG,5,111,450000,82,13
SEMBAWANG,6,131,450000,82,4
SEMBAWANG,6,131,453888,82,7
SEMBAWANG,6,142,470000,82,13
SEMBAWANG,6,130,470000,82,4
SEMBAWANG,6,131,477000,82,7
SEMBAWANG,6,130,493000,82,10
SEMBAWANG,6,125,520000,83,10
SEMBAWANG,4,90,288000,81,10
SEMBAWANG,4,90,305000,81,1
SEMBAWANG,4,90,315000,82,10
SEMBAWANG,4,100,320000,79,10
SEMBAWANG,4,87,325000,85,7
SEMBAWANG,4,91,328000,85,19
SEMBAWANG,4,90,328000,83,4
SEMBAWANG,4,95,334168,82,1
SEMBAWANG,4,94,335000,91,7
SEMBAWANG,4,90,340288,85,7
SEMBAWANG,4,94,342000,82,1
SEMBAWANG,4,90,349000,82,10
SEMBAWANG,4,95,350000,82,10
SEMBAWANG,4,102,350000,82,10
SEMBAWANG,4,94,350000,91,16
SEMBAWANG,4,101,350000,79,16
SEMBAWANG,4,95,368000,82,16
SEMBAWANG,4,96,370000,91,10
SEMBAWANG,5,110,330000,82,1
SEMBAWANG,5,110,360000,82,1
SEMBAWANG,5,110,360000,85,4
SEMBAWANG,5,110,360000,81,4
SEMBAWANG,5,111,363000,85,7
SEMBAWANG,5,110,363000,82,7
SEMBAWANG,5,111,370000,85,13
SEMBAWANG,5,110,370000,82,7
SEMBAWANG,5,110,370000,82,4
SEMBAWANG,5,111,371888,82,7
SEMBAWANG,5,111,375000,84,13
SEMBAWANG,5,110,378000,82,7
SEMBAWANG,5,110,400000,83,4
SEMBAWANG,5,110,408000,85,7
SEMBAWANG,5,120,428000,80,10
SEMBAWANG,5,110,428888,82,1
SEMBAWANG,5,121,452888,79,10
SEMBAWANG,6,131,400000,82,1
SEMBAWANG,6,137,428000,82,13
SEMBAWANG,6,130,430000,81,4
SEMBAWANG,6,137,448888,82,13
SEMBAWANG,6,137,465000,82,16
SEMBAWANG,6,125,518000,83,7
SEMBAWANG,6,141,528000,79,4
SEMBAWANG,4,91,303000,82,4
SEMBAWANG,4,87,303000,81,10
SEMBAWANG,4,100,310000,80,1
SEMBAWANG,4,101,310000,80,1
SEMBAWANG,4,86,313888,81,4
SEMBAWANG,4,90,318000,82,4
SEMBAWANG,4,96,320000,91,4
SEMBAWANG,4,102,325000,82,1
SEMBAWANG,4,91,325000,85,19
SEMBAWANG,4,95,328000,82,10
SEMBAWANG,4,91,328000,82,7
SEMBAWANG,4,102,330000,82,4
SEMBAWANG,4,88,335000,81,4
SEMBAWANG,4,94,338888,91,4
SEMBAWANG,4,102,345000,82,7
SEMBAWANG,4,91,345000,85,16
SEMBAWANG,4,85,345000,85,7
SEMBAWANG,4,93,362888,82,1
SEMBAWANG,4,100,364000,79,13
SEMBAWANG,4,93,420000,82,13
SEMBAWANG,5,110,355000,81,13
SEMBAWANG,5,115,358000,82,4
SEMBAWANG,5,111,360000,85,10
SEMBAWANG,5,110,365000,81,13
SEMBAWANG,5,110,383000,82,1
SEMBAWANG,5,111,385000,82,10
SEMBAWANG,5,110,386000,81,4
SEMBAWANG,5,118,390000,82,4
SEMBAWANG,5,121,396888,80,4
SEMBAWANG,5,111,398000,82,1
SEMBAWANG,5,110,410000,82,4
SEMBAWANG,5,110,420000,83,7
SEMBAWANG,5,110,423000,83,10
SEMBAWANG,5,120,428000,80,7
SEMBAWANG,5,113,480000,82,13
SEMBAWANG,6,137,445000,82,7
SEMBAWANG,6,130,450888,81,4
SEMBAWANG,6,131,455800,82,4
SEMBAWANG,6,131,470000,82,10
SEMBAWANG,6,130,471000,81,7
SEMBAWANG,4,90,295000,83,1
SEMBAWANG,4,90,300000,81,1
SEMBAWANG,4,90,303888,85,13
SEMBAWANG,4,90,306000,82,1
SEMBAWANG,4,90,310000,82,10
SEMBAWANG,4,87,312000,84,7
SEMBAWANG,4,90,313000,81,7
SEMBAWANG,4,90,318888,81,4
SEMBAWANG,4,86,325000,84,13
SEMBAWANG,4,101,330000,80,10
SEMBAWANG,4,100,339988,79,7
SEMBAWANG,4,94,340000,91,1
SEMBAWANG,4,95,340888,82,10
SEMBAWANG,4,90,345000,81,7
SEMBAWANG,4,94,348000,91,13
SEMBAWANG,4,101,350000,80,13
SEMBAWANG,4,90,350000,86,13
SEMBAWANG,4,94,355000,91,7
SEMBAWANG,4,100,362888,79,7
SEMBAWANG,4,101,365000,79,13
SEMBAWANG,4,100,365000,80,4
SEMBAWANG,4,102,365000,80,10
SEMBAWANG,4,93,405000,82,10
SEMBAWANG,4,93,435000,82,4
SEMBAWANG,5,110,345000,84,7
SEMBAWANG,5,110,348000,85,16
SEMBAWANG,5,110,363000,81,7
SEMBAWANG,5,118,368000,82,7
SEMBAWANG,5,111,370000,82,4
SEMBAWANG,5,110,370000,84,10
SEMBAWANG,5,111,380000,82,13
SEMBAWANG,5,110,380000,83,10
SEMBAWANG,5,110,386000,81,4
SEMBAWANG,5,111,390000,85,16
SEMBAWANG,5,110,399000,81,10
SEMBAWANG,5,110,405000,83,10
SEMBAWANG,5,121,408000,80,10
SEMBAWANG,5,111,408000,81,13
SEMBAWANG,5,110,409000,83,13
SEMBAWANG,5,111,412000,82,13
SEMBAWANG,5,113,445000,82,13
SEMBAWANG,5,122,452500,79,10
SEMBAWANG,5,113,508000,82,10
SEMBAWANG,6,130,410000,82,4
SEMBAWANG,6,137,417000,82,10
SEMBAWANG,6,137,462000,82,13
SEMBAWANG,6,130,476000,81,7
SEMBAWANG,6,131,480000,82,4
SEMBAWANG,6,141,490000,79,1
SEMBAWANG,6,139,495000,80,7
SEMBAWANG,6,125,500000,82,4
SEMBAWANG,6,136,525000,80,16
SEMBAWANG,6,141,538000,79,10
SEMBAWANG,6,141,544880,79,16
SEMBAWANG,4,90,296000,81,4
SEMBAWANG,4,86,297000,81,7
SEMBAWANG,4,90,305000,81,4
SEMBAWANG,4,94,315000,91,1
SEMBAWANG,4,101,315000,80,10
SEMBAWANG,4,91,315000,81,7
SEMBAWANG,4,90,318000,85,13
SEMBAWANG,4,90,327000,81,4
SEMBAWANG,4,102,334888,82,13
SEMBAWANG,4,102,335000,82,7
SEMBAWANG,4,90,345000,85,7
SEMBAWANG,4,90,350000,86,16
SEMBAWANG,4,95,358000,82,10
SEMBAWANG,4,101,360000,80,16
SEMBAWANG,4,95,370000,82,4
SEMBAWANG,4,93,385000,82,4
SEMBAWANG,4,93,390000,82,7
SEMBAWANG,5,110,337000,81,4
SEMBAWANG,5,110,348000,83,4
SEMBAWANG,5,110,350000,81,1
SEMBAWANG,5,111,353000,85,13
SEMBAWANG,5,110,358000,81,4
SEMBAWANG,5,110,366000,81,1
SEMBAWANG,5,110,372000,81,7
SEMBAWANG,5,110,382500,81,7
SEMBAWANG,5,110,390000,81,7
SEMBAWANG,5,110,392000,81,13
SEMBAWANG,5,111,393888,82,4
SEMBAWANG,5,110,395000,81,10
SEMBAWANG,5,111,405000,82,7
SEMBAWANG,5,110,412000,83,10
SEMBAWANG,5,110,415000,82,4
SEMBAWANG,5,123,415000,79,4
SEMBAWANG,5,120,420000,79,7
SEMBAWANG,5,111,423000,82,13
SEMBAWANG,5,111,460000,82,10
SEMBAWANG,5,119,460000,80,13
SEMBAWANG,5,111,460000,82,7
SEMBAWANG,5,120,465000,79,10
SEMBAWANG,5,113,472000,82,13
SEMBAWANG,6,137,428000,82,10
SEMBAWANG,6,137,445000,82,10
SEMBAWANG,6,131,450000,81,4
SEMBAWANG,6,130,455000,82,1
SEMBAWANG,6,130,465000,81,13
SEMBAWANG,6,130,475000,82,4
SEMBAWANG,6,131,515000,82,10
SEMBAWANG,4,85,285000,84,1
SEMBAWANG,4,87,288000,81,7
SEMBAWANG,4,92,298000,81,1
SEMBAWANG,4,86,300000,81,10
SEMBAWANG,4,90,305000,81,7
SEMBAWANG,4,91,305000,81,4
SEMBAWANG,4,90,310000,84,13
SEMBAWANG,4,101,310000,79,1
SEMBAWANG,4,100,315000,80,1
SEMBAWANG,4,91,315888,79,4
SEMBAWANG,4,90,320000,86,7
SEMBAWANG,4,96,323000,91,1
SEMBAWANG,4,90,330000,82,4
SEMBAWANG,4,102,335000,82,13
SEMBAWANG,4,94,335000,91,13
SEMBAWANG,4,100,335000,79,10
SEMBAWANG,4,90,335000,81,4
SEMBAWANG,4,101,338000,80,7
SEMBAWANG,4,91,340000,82,7
SEMBAWANG,4,86,340888,83,13
SEMBAWANG,4,85,341000,83,13
SEMBAWANG,4,102,342000,82,13
SEMBAWANG,4,102,342000,82,7
SEMBAWANG,4,90,342000,86,19
SEMBAWANG,4,102,345000,82,7
SEMBAWANG,4,95,345888,82,13
SEMBAWANG,4,101,347000,80,13
SEMBAWANG,4,95,347888,81,1
SEMBAWANG,4,90,348888,81,13
SEMBAWANG,4,85,355000,83,13
SEMBAWANG,4,100,360000,79,10
SEMBAWANG,4,90,360000,85,10
SEMBAWANG,4,100,360888,79,13
SEMBAWANG,4,90,365000,85,10
SEMBAWANG,4,101,365500,79,16
SEMBAWANG,4,101,368000,80,7
SEMBAWANG,5,110,320000,81,1
SEMBAWANG,5,110,350000,86,4
SEMBAWANG,5,110,353000,85,10
SEMBAWANG,5,110,360000,82,10
SEMBAWANG,5,110,361500,82,1
SEMBAWANG,5,118,361800,82,1
SEMBAWANG,5,110,365000,81,13
SEMBAWANG,5,115,368000,82,10
SEMBAWANG,5,110,368000,84,13
SEMBAWANG,5,110,375000,85,1
SEMBAWANG,5,110,378000,84,13
SEMBAWANG,5,110,380000,82,10
SEMBAWANG,5,111,380000,81,4
SEMBAWANG,5,110,380000,81,13
SEMBAWANG,5,110,388000,84,16
SEMBAWANG,5,110,388000,81,4
SEMBAWANG,5,110,390000,81,13
SEMBAWANG,5,110,392000,81,10
SEMBAWANG,5,110,395000,83,10
SEMBAWANG,5,121,396000,80,7
SEMBAWANG,5,111,400000,82,10
SEMBAWANG,5,111,408000,82,13
SEMBAWANG,5,111,410000,82,7
SEMBAWANG,5,111,415000,82,10
SEMBAWANG,5,119,450000,79,10
SEMBAWANG,5,110,460000,82,7
SEMBAWANG,5,122,490000,79,10
SEMBAWANG,6,130,440000,82,4
SEMBAWANG,6,137,456000,82,13
SEMBAWANG,6,131,460000,82,13
SEMBAWANG,6,130,462000,81,13
SEMBAWANG,6,137,462000,81,10
SEMBAWANG,6,130,463000,82,16
SEMBAWANG,6,135,465000,80,4
SEMBAWANG,6,133,475000,82,7
SEMBAWANG,6,136,475000,80,16
SEMBAWANG,6,130,476000,81,13
SEMBAWANG,6,126,482000,82,1
SEMBAWANG,6,131,483000,82,10
SEMBAWANG,6,125,490000,82,1
SEMBAWANG,6,127,500000,82,4
SEMBAWANG,6,141,515000,79,7
SEMBAWANG,6,127,518000,82,1
SEMBAWANG,6,143,543000,79,1
SEMBAWANG,6,125,550000,82,7
SEMBAWANG,4,95,335000,81,10
SEMBAWANG,4,102,325000,81,4
SEMBAWANG,4,95,350000,81,7
SEMBAWANG,4,102,333888,82,7
SEMBAWANG,4,93,375000,82,7
SEMBAWANG,4,90,328000,81,7
SEMBAWANG,4,85,312000,83,10
SEMBAWANG,4,94,335000,91,4
SEMBAWANG,4,90,338000,82,4
SEMBAWANG,4,101,342000,79,4
SEMBAWANG,4,90,320000,81,7
SEMBAWANG,4,92,312000,81,13
SEMBAWANG,4,100,332000,79,7
SEMBAWANG,4,90,305000,81,1
SEMBAWANG,4,85,360000,83,13
SEMBAWANG,4,91,343000,81,10
SEMBAWANG,4,94,335000,81,1
SEMBAWANG,4,100,345000,79,13
SEMBAWANG,4,101,320000,79,10
SEMBAWANG,4,90,335000,81,13
SEMBAWANG,4,86,290000,80,1
SEMBAWANG,4,100,340000,79,4
SEMBAWANG,4,100,375000,79,16
SEMBAWANG,4,91,345000,82,10
SEMBAWANG,4,85,352888,85,10
SEMBAWANG,4,90,342000,85,10
SEMBAWANG,5,110,460888,82,10
SEMBAWANG,5,111,378000,84,13
SEMBAWANG,5,110,400000,81,7
SEMBAWANG,5,110,372500,84,13
SEMBAWANG,5,110,400000,82,4
SEMBAWANG,5,110,387000,81,7
SEMBAWANG,5,110,400000,82,1
SEMBAWANG,5,121,448000,79,10
SEMBAWANG,5,113,455000,82,10
SEMBAWANG,5,110,428000,83,13
SEMBAWANG,5,111,351000,81,1
SEMBAWANG,5,121,380000,80,4
SEMBAWANG,5,120,420000,79,7
SEMBAWANG,5,110,390000,81,4
SEMBAWANG,5,121,450000,79,13
SEMBAWANG,5,121,350000,79,1
SEMBAWANG,5,110,395000,86,7
SEMBAWANG,5,110,430000,82,1
SEMBAWANG,5,111,400000,82,10
SEMBAWANG,6,131,510000,81,7
SEMBAWANG,6,131,495000,81,10
SEMBAWANG,6,141,535000,79,1
SEMBAWANG,6,142,590000,79,4
SEMBAWANG,6,140,540000,79,4
SEMBAWANG,6,130,488000,82,1
SEMBAWANG,2,40,215000,91,10
SEMBAWANG,3,67,283000,95,22
SEMBAWANG,4,93,400000,82,7
SEMBAWANG,4,95,320000,82,1
SEMBAWANG,4,95,368000,82,4
SEMBAWANG,4,102,350000,81,10
SEMBAWANG,4,90,320000,83,7
SEMBAWANG,4,90,318000,83,10
SEMBAWANG,4,94,323000,90,1
SEMBAWANG,4,90,338000,82,10
SEMBAWANG,4,90,318000,81,13
SEMBAWANG,4,100,333000,79,7
SEMBAWANG,4,95,348000,81,4
SEMBAWANG,4,100,338000,79,7
SEMBAWANG,4,86,306000,81,4
SEMBAWANG,4,90,310000,81,13
SEMBAWANG,4,93,363000,86,19
SEMBAWANG,4,90,340000,85,13
SEMBAWANG,4,91,346000,81,7
SEMBAWANG,4,90,331000,84,4
SEMBAWANG,5,110,398000,82,1
SEMBAWANG,5,115,385000,81,1
SEMBAWANG,5,110,399888,82,1
SEMBAWANG,5,118,375000,81,1
SEMBAWANG,5,110,328000,81,4
SEMBAWANG,5,110,340000,81,1
SEMBAWANG,5,110,362000,84,10
SEMBAWANG,5,111,380000,84,10
SEMBAWANG,5,121,385000,79,7
SEMBAWANG,5,121,460000,79,10
SEMBAWANG,5,110,388800,81,13
SEMBAWANG,5,110,420000,82,4
SEMBAWANG,5,110,390000,81,7
SEMBAWANG,5,110,466000,82,10
SEMBAWANG,5,110,458888,82,7
SEMBAWANG,5,110,350000,83,4
SEMBAWANG,5,110,450000,81,13
SEMBAWANG,5,121,378000,80,4
SEMBAWANG,5,111,435000,81,13
SEMBAWANG,5,121,375000,79,1
SEMBAWANG,5,120,412000,79,4
SEMBAWANG,5,111,388000,81,4
SEMBAWANG,5,121,378000,79,7
SEMBAWANG,5,121,423000,79,16
SEMBAWANG,5,110,362000,81,7
SEMBAWANG,5,113,428000,86,16
SEMBAWANG,5,110,393000,86,13
SEMBAWANG,5,110,413888,82,7
SEMBAWANG,6,131,434000,82,4
SEMBAWANG,6,136,495000,79,7
SEMBAWANG,6,130,410000,81,1
SEMBAWANG,6,130,500000,81,1
SEMBAWANG,4,93,360000,82,4
SEMBAWANG,4,102,318000,81,1
SEMBAWANG,4,102,341000,81,10
SEMBAWANG,4,90,318000,81,4
SEMBAWANG,4,96,359888,90,16
SEMBAWANG,4,91,322000,84,16
SEMBAWANG,4,91,330000,81,7
SEMBAWANG,4,93,412000,82,13
SEMBAWANG,4,90,325000,81,10
SEMBAWANG,4,100,318000,79,13
SEMBAWANG,4,90,318000,81,7
SEMBAWANG,4,93,352000,81,1
SEMBAWANG,4,100,330000,79,13
SEMBAWANG,4,101,340000,79,10
SEMBAWANG,4,101,330000,79,1
SEMBAWANG,4,88,292000,80,4
SEMBAWANG,4,86,306000,81,4
SEMBAWANG,4,92,375000,95,16
SEMBAWANG,4,90,312000,80,7
SEMBAWANG,4,101,305000,79,4
SEMBAWANG,4,90,323000,84,1
SEMBAWANG,4,90,348000,84,4
SEMBAWANG,4,90,340000,84,7
SEMBAWANG,5,110,412888,82,4
SEMBAWANG,5,110,460000,82,7
SEMBAWANG,5,110,366000,81,10
SEMBAWANG,5,111,350000,84,7
SEMBAWANG,5,110,370000,84,10
SEMBAWANG,5,113,475000,82,13
SEMBAWANG,5,110,378000,81,13
SEMBAWANG,5,120,400000,79,7
SEMBAWANG,5,110,378000,81,1
SEMBAWANG,5,121,448000,79,10
SEMBAWANG,5,120,388000,79,4
SEMBAWANG,5,111,377000,81,1
SEMBAWANG,5,120,393900,80,7
SEMBAWANG,5,122,370000,79,1
SEMBAWANG,5,110,380000,81,4
SEMBAWANG,5,110,352000,86,1
SEMBAWANG,5,110,350000,81,1
SEMBAWANG,5,110,351000,81,1
SEMBAWANG,5,111,382888,81,4
SEMBAWANG,5,110,368000,85,4
SEMBAWANG,5,110,392000,82,4
SEMBAWANG,6,142,460000,81,10
SEMBAWANG,6,125,532000,82,10
SEMBAWANG,6,130,459888,81,4
SEMBAWANG,6,131,490000,81,16
SEMBAWANG,6,130,460000,81,7
SEMBAWANG,6,130,463000,81,10
SEMBAWANG,6,130,505000,81,4
SEMBAWANG,6,130,450000,82,7
SEMBAWANG,2,40,215000,91,10
SEMBAWANG,3,67,305000,95,16
SEMBAWANG,3,67,280000,95,4
SEMBAWANG,3,67,280000,95,4
SEMBAWANG,4,102,338000,81,1
SEMBAWANG,4,102,328000,81,7
SEMBAWANG,4,102,305000,81,1
SEMBAWANG,4,95,330000,81,4
SEMBAWANG,4,94,305000,81,7
SEMBAWANG,4,90,303000,81,1
SEMBAWANG,4,86,280000,81,4
SEMBAWANG,4,91,315000,83,13
SEMBAWANG,4,91,325000,84,10
SEMBAWANG,4,90,318000,81,13
SEMBAWANG,4,93,380000,82,7
SEMBAWANG,4,93,395000,82,4
SEMBAWANG,4,91,316888,78,7
SEMBAWANG,4,90,318000,81,10
SEMBAWANG,4,93,438000,81,10
SEMBAWANG,4,94,380000,81,7
SEMBAWANG,4,95,363000,81,10
SEMBAWANG,4,95,350000,81,7
SEMBAWANG,4,86,295000,81,4
SEMBAWANG,4,92,343000,95,4
SEMBAWANG,4,91,310000,80,4
SEMBAWANG,4,92,353000,95,13
SEMBAWANG,4,91,325000,80,10
SEMBAWANG,4,92,370000,95,10
SEMBAWANG,4,90,316000,80,13
SEMBAWANG,4,90,318000,80,4
SEMBAWANG,4,86,310000,80,13
SEMBAWANG,4,92,358000,95,10
SEMBAWANG,4,100,330000,79,1
SEMBAWANG,4,90,326888,84,4
SEMBAWANG,4,90,330000,84,7
SEMBAWANG,4,90,331668,84,7
SEMBAWANG,4,90,308888,82,7
SEMBAWANG,5,111,380000,81,13
SEMBAWANG,5,118,380000,81,7
SEMBAWANG,5,110,415000,81,13
SEMBAWANG,5,111,390000,81,7
SEMBAWANG,5,118,395000,81,4
SEMBAWANG,5,110,405000,81,13
SEMBAWANG,5,110,378000,81,4
SEMBAWANG,5,110,399000,81,1
SEMBAWANG,5,110,360000,81,7
SEMBAWANG,5,113,485000,81,13
SEMBAWANG,5,115,424000,79,16
SEMBAWANG,5,116,393000,80,7
SEMBAWANG,5,110,382000,80,10
SEMBAWANG,5,110,400000,80,13
SEMBAWANG,5,111,388000,82,7
SEMBAWANG,5,110,383000,82,4
SEMBAWANG,5,110,385000,82,4
SEMBAWANG,6,141,580000,79,13
SEMBAWANG,6,130,468000,81,7
SEMBAWANG,6,125,558000,82,7
SEMBAWANG,6,139,483000,79,4
SEMBAWANG,6,130,470000,81,1
SEMBAWANG,2,46,240000,95,10
SEMBAWANG,2,40,215000,91,7
SEMBAWANG,3,67,293000,95,7
SEMBAWANG,4,102,298000,81,4
SEMBAWANG,4,95,363000,81,10
SEMBAWANG,4,102,345000,81,7
SEMBAWANG,4,86,328000,81,13
SEMBAWANG,4,94,357000,90,16
SEMBAWANG,4,94,335000,90,4
SEMBAWANG,4,91,340000,84,16
SEMBAWANG,4,90,305000,84,1
SEMBAWANG,4,90,320000,81,7
SEMBAWANG,4,101,320000,78,10
SEMBAWANG,4,93,431000,81,13
SEMBAWANG,4,101,348000,79,10
SEMBAWANG,4,100,328000,79,4
SEMBAWANG,4,101,335000,79,13
SEMBAWANG,4,92,368000,95,13
SEMBAWANG,4,101,305000,79,1
SEMBAWANG,4,92,365000,95,13
SEMBAWANG,4,90,362000,80,13
SEMBAWANG,4,92,365000,95,7
SEMBAWANG,4,90,340000,86,1
SEMBAWANG,4,90,330000,84,4
SEMBAWANG,4,91,335000,81,4
SEMBAWANG,5,110,380000,81,7
SEMBAWANG,5,111,375000,81,10
SEMBAWANG,5,118,375000,81,1
SEMBAWANG,5,111,395000,84,10
SEMBAWANG,5,110,391000,84,19
SEMBAWANG,5,110,340000,81,1
SEMBAWANG,5,110,348000,84,7
SEMBAWANG,5,110,378000,81,13
SEMBAWANG,5,111,381623,84,16
SEMBAWANG,5,110,363000,81,10
SEMBAWANG,5,110,410000,81,13
SEMBAWANG,5,110,375000,81,1
SEMBAWANG,5,110,390000,83,7
SEMBAWANG,5,115,420000,79,7
SEMBAWANG,5,121,372000,79,1
SEMBAWANG,5,120,350000,79,1
SEMBAWANG,5,110,390000,81,13
SEMBAWANG,5,110,380000,80,7
SEMBAWANG,5,120,410000,79,10
SEMBAWANG,5,110,380000,80,13
SEMBAWANG,6,133,435000,81,10
SEMBAWANG,6,137,453000,81,4
SEMBAWANG,6,141,495000,78,1
SEMBAWANG,6,136,520000,79,13
SEMBAWANG,6,130,505000,81,10
SEMBAWANG,6,130,497000,81,10
SEMBAWANG,2,46,238000,95,19
SEMBAWANG,3,68,275000,95,4
SEMBAWANG,3,68,298000,95,13
SEMBAWANG,3,67,292888,95,16
SEMBAWANG,3,67,272000,95,7
SEMBAWANG,3,67,263000,95,1
SEMBAWANG,3,67,275000,95,7
SEMBAWANG,4,102,332000,81,4
SEMBAWANG,4,95,332000,81,4
SEMBAWANG,4,95,328000,81,10
SEMBAWANG,4,102,308000,81,4
SEMBAWANG,4,90,345000,81,13
SEMBAWANG,4,90,348000,84,10
SEMBAWANG,4,90,315000,81,13
SEMBAWANG,4,94,338000,90,4
SEMBAWANG,4,100,333888,78,7
SEMBAWANG,4,95,395000,81,16
SEMBAWANG,4,92,355000,95,10
SEMBAWANG,4,92,343000,95,4
SEMBAWANG,4,90,300000,80,4
SEMBAWANG,4,92,378000,95,13
SEMBAWANG,4,92,330000,95,1
SEMBAWANG,4,92,342000,95,1
SEMBAWANG,4,91,320000,81,1
SEMBAWANG,4,85,335000,84,7
SEMBAWANG,4,90,360000,84,4
SEMBAWANG,5,111,398000,81,10
SEMBAWANG,5,111,430000,81,7
SEMBAWANG,5,115,430000,81,4
SEMBAWANG,5,110,360000,84,10
SEMBAWANG,5,111,370000,84,13
SEMBAWANG,5,110,382000,84,10
SEMBAWANG,5,110,352000,81,10
SEMBAWANG,5,110,365000,81,4
SEMBAWANG,5,111,425000,81,13
SEMBAWANG,5,116,415000,79,4
SEMBAWANG,5,115,455000,79,13
SEMBAWANG,5,121,365000,79,1
SEMBAWANG,5,115,425000,79,13
SEMBAWANG,5,123,435000,79,4
SEMBAWANG,5,120,455000,79,10
SEMBAWANG,5,110,392000,81,13
SEMBAWANG,5,120,428000,79,13
SEMBAWANG,5,110,332000,80,1
SEMBAWANG,5,110,369888,84,13
SEMBAWANG,5,111,350000,81,4
SEMBAWANG,6,137,440000,81,13
SEMBAWANG,6,131,480000,81,7
SEMBAWANG,6,130,471000,81,4
SEMBAWANG,6,131,485000,81,13
SEMBAWANG,6,130,470000,81,10
SEMBAWANG,2,47,225000,95,7
SEMBAWANG,3,68,270000,95,1
SEMBAWANG,3,67,280000,95,4
SEMBAWANG,3,67,305000,95,16
SEMBAWANG,4,102,347000,81,10
SEMBAWANG,4,91,320000,84,16
SEMBAWANG,4,90,325000,81,10
SEMBAWANG,4,93,370000,95,10
SEMBAWANG,4,93,408000,95,16
SEMBAWANG,4,93,403888,95,10
SEMBAWANG,4,101,321000,79,4
SEMBAWANG,4,95,332000,81,7
SEMBAWANG,4,101,338000,79,10
SEMBAWANG,4,102,338000,79,10
SEMBAWANG,4,100,325000,79,10
SEMBAWANG,4,100,352000,79,13
SEMBAWANG,4,100,318000,79,4
SEMBAWANG,4,90,320000,80,4
SEMBAWANG,4,101,354000,79,10
SEMBAWANG,4,92,356000,95,10
SEMBAWANG,4,92,368000,95,10
SEMBAWANG,4,90,308000,79,4
SEMBAWANG,4,90,330000,84,1
SEMBAWANG,5,110,380000,81,4
SEMBAWANG,5,115,380000,81,4
SEMBAWANG,5,110,380000,81,4
SEMBAWANG,5,111,358000,84,4
SEMBAWANG,5,110,400000,81,10
SEMBAWANG,5,110,373000,81,4
SEMBAWANG,5,110,360000,81,1
SEMBAWANG,5,123,448000,79,13
SEMBAWANG,5,115,415000,79,10
SEMBAWANG,5,110,398000,86,7
SEMBAWANG,5,110,400000,80,10
SEMBAWANG,6,133,471800,81,10
SEMBAWANG,6,137,445000,81,7
SEMBAWANG,6,137,462500,81,10
SEMBAWANG,3,68,290000,95,10
SEMBAWANG,3,68,292000,95,16
SEMBAWANG,3,68,305000,95,13
SEMBAWANG,3,68,300000,95,10
SEMBAWANG,3,68,270000,95,7
SEMBAWANG,4,95,333000,81,7
SEMBAWANG,4,94,335000,81,1
SEMBAWANG,4,94,335000,90,4
SEMBAWANG,4,94,340000,90,4
SEMBAWANG,4,93,375000,95,7
SEMBAWANG,4,93,393188,95,13
SEMBAWANG,4,100,325000,79,7
SEMBAWANG,4,92,390000,95,13
SEMBAWANG,4,92,360000,95,10
SEMBAWANG,4,91,345000,85,4
SEMBAWANG,4,92,335000,95,1
SEMBAWANG,4,92,360000,95,7
SEMBAWANG,4,87,300000,80,4
SEMBAWANG,4,90,327000,84,7
SEMBAWANG,5,114,420000,81,13
SEMBAWANG,5,110,400000,81,10
SEMBAWANG,5,110,355000,81,7
SEMBAWANG,5,110,350000,84,1
SEMBAWANG,5,110,325000,81,4
SEMBAWANG,5,110,406888,81,7
SEMBAWANG,5,110,375000,81,7
SEMBAWANG,5,110,401000,81,1
SEMBAWANG,5,120,455000,79,13
SEMBAWANG,5,110,408000,85,16
SEMBAWANG,5,110,346000,81,4
SEMBAWANG,5,111,390000,81,1
SEMBAWANG,6,137,460000,81,10
SEMBAWANG,6,141,500000,78,1
SEMBAWANG,6,130,510000,81,4
SEMBAWANG,2,47,220000,95,4
SEMBAWANG,2,47,235000,95,10
SEMBAWANG,3,68,292000,95,4
SEMBAWANG,3,68,296000,95,7
SEMBAWANG,3,68,300000,95,13
SEMBAWANG,3,68,308000,95,10
SEMBAWANG,3,67,288000,95,10
SEMBAWANG,3,67,280000,95,4
SEMBAWANG,4,96,358000,81,7
SEMBAWANG,4,90,316000,81,10
SEMBAWANG,4,86,308800,80,7
SEMBAWANG,4,85,305000,83,7
SEMBAWANG,4,90,310000,81,13
SEMBAWANG,4,90,295000,84,1
SEMBAWANG,4,90,303888,84,13
SEMBAWANG,4,94,355000,90,16
SEMBAWANG,4,96,355000,90,10
SEMBAWANG,4,101,310000,78,1
SEMBAWANG,4,90,318000,80,7
SEMBAWANG,4,91,300000,81,10
SEMBAWANG,4,86,310000,82,1
SEMBAWANG,4,93,403888,95,10
SEMBAWANG,4,93,370000,95,4
SEMBAWANG,4,93,350000,95,4
SEMBAWANG,4,100,308000,79,1
SEMBAWANG,4,95,390000,81,7
SEMBAWANG,4,100,321000,79,4
SEMBAWANG,4,101,310000,79,4
SEMBAWANG,4,101,350000,79,7
SEMBAWANG,4,101,340000,79,4
SEMBAWANG,4,100,348000,79,7
SEMBAWANG,4,101,348888,79,13
SEMBAWANG,4,92,345000,95,1
SEMBAWANG,4,85,350888,84,7
SEMBAWANG,4,90,338000,84,7
SEMBAWANG,5,111,385000,81,4
SEMBAWANG,5,110,417000,81,13
SEMBAWANG,5,110,366500,81,10
SEMBAWANG,5,110,330000,80,1
SEMBAWANG,5,110,362000,83,10
SEMBAWANG,5,110,388000,81,4
SEMBAWANG,5,110,405000,81,1
SEMBAWANG,5,111,467000,81,10
SEMBAWANG,5,110,378000,80,10
SEMBAWANG,5,110,420000,81,1
SEMBAWANG,5,110,375000,82,1
SEMBAWANG,5,123,461000,79,13
SEMBAWANG,5,120,410000,79,1
SEMBAWANG,5,110,458000,81,13
SEMBAWANG,5,115,438000,79,16
SEMBAWANG,5,110,375000,80,7
SEMBAWANG,5,110,343000,81,1
SEMBAWANG,5,110,418880,80,13
SEMBAWANG,5,110,378888,80,4
SEMBAWANG,5,122,425000,79,7
SEMBAWANG,5,121,458000,78,7
SEMBAWANG,5,111,400000,81,10
SEMBAWANG,5,110,380000,81,7
SEMBAWANG,6,137,439800,81,4
SEMBAWANG,6,130,488000,81,1
SEMBAWANG,6,131,572000,81,13
SEMBAWANG,6,131,485000,81,7
SEMBAWANG,6,136,460000,79,1
SEMBAWANG,6,131,510000,81,13
SEMBAWANG,2,47,225000,94,7
SEMBAWANG,2,47,218000,94,13
SEMBAWANG,2,47,210000,95,4
SEMBAWANG,2,47,220000,94,4
SEMBAWANG,2,46,222000,95,7
SEMBAWANG,3,68,308000,95,10
SEMBAWANG,3,68,288000,94,4
SEMBAWANG,3,67,260000,95,1
SEMBAWANG,4,94,345000,81,10
SEMBAWANG,4,95,370000,81,13
SEMBAWANG,4,94,330000,90,4
SEMBAWANG,4,94,358000,90,16
SEMBAWANG,4,85,310000,83,10
SEMBAWANG,4,90,300000,84,1
SEMBAWANG,4,94,340000,90,10
SEMBAWANG,4,86,293000,83,1
SEMBAWANG,4,90,320000,80,7
SEMBAWANG,4,93,395000,81,7
SEMBAWANG,4,90,318000,81,10
SEMBAWANG,4,93,322000,94,1
SEMBAWANG,4,93,395000,94,7
SEMBAWANG,4,93,375000,94,16
SEMBAWANG,4,93,380000,94,4
SEMBAWANG,4,93,415000,94,16
SEMBAWANG,4,100,325000,79,10
SEMBAWANG,4,94,375000,81,4
SEMBAWANG,4,90,310000,80,13
SEMBAWANG,4,86,300000,80,10
SEMBAWANG,4,92,368000,95,16
SEMBAWANG,4,92,406000,95,16
SEMBAWANG,4,91,305000,85,1
SEMBAWANG,4,86,300000,80,10
SEMBAWANG,4,90,330000,84,7
SEMBAWANG,4,85,330000,84,7
SEMBAWANG,4,90,350000,84,7
SEMBAWANG,5,115,370000,81,7
SEMBAWANG,5,110,445000,81,4
SEMBAWANG,5,118,358000,81,4
SEMBAWANG,5,118,380000,81,4
SEMBAWANG,5,123,388000,81,4
SEMBAWANG,5,111,420000,81,16
SEMBAWANG,5,111,325000,84,7
SEMBAWANG,5,110,405000,81,4
SEMBAWANG,5,110,385000,81,1
SEMBAWANG,5,110,450000,81,7
SEMBAWANG,5,110,467500,81,10
SEMBAWANG,5,116,423000,79,16
SEMBAWANG,5,123,470000,79,10
SEMBAWANG,5,116,445000,79,10
SEMBAWANG,5,110,395000,80,10
SEMBAWANG,5,110,360000,80,13
SEMBAWANG,5,110,388888,80,7
SEMBAWANG,6,142,446000,81,16
SEMBAWANG,6,131,437000,81,1
SEMBAWANG,6,125,553000,81,7
SEMBAWANG,6,130,440000,80,13
SEMBAWANG,6,130,465000,80,13
SEMBAWANG,6,130,478000,80,10
SEMBAWANG,6,130,450000,80,1
SEMBAWANG,6,130,460000,80,4
SEMBAWANG,5,110,411000,80,10
SEMBAWANG,2,47,225000,94,7
SEMBAWANG,3,68,280000,94,1
SEMBAWANG,3,68,290000,94,13
SEMBAWANG,3,68,295000,94,13
SEMBAWANG,3,68,297000,94,10
SEMBAWANG,3,68,285000,94,4
SEMBAWANG,3,67,300000,95,19
SEMBAWANG,3,67,270000,94,4
SEMBAWANG,3,67,290000,94,13
SEMBAWANG,4,94,362000,81,10
SEMBAWANG,4,93,355000,81,4
SEMBAWANG,4,86,305000,80,4
SEMBAWANG,4,90,320000,80,13
SEMBAWANG,4,90,300000,80,4
SEMBAWANG,4,85,297000,83,1
SEMBAWANG,4,94,352000,90,4
SEMBAWANG,4,94,355000,90,7
SEMBAWANG,4,92,325000,80,10
SEMBAWANG,4,93,380000,94,7
SEMBAWANG,4,93,380000,94,7
SEMBAWANG,4,93,379000,94,7
SEMBAWANG,4,93,358000,94,1
SEMBAWANG,4,95,336000,81,1
SEMBAWANG,4,94,368000,81,4
SEMBAWANG,4,101,360000,79,13
SEMBAWANG,4,92,365000,95,7
SEMBAWANG,4,92,370000,94,13
SEMBAWANG,4,92,325000,95,1
SEMBAWANG,4,92,368000,94,7
SEMBAWANG,4,96,350000,78,16
SEMBAWANG,4,103,340000,78,7
SEMBAWANG,4,90,330000,84,4
SEMBAWANG,4,90,340000,84,10
SEMBAWANG,4,91,325000,81,7
SEMBAWANG,5,110,368888,81,1
SEMBAWANG,5,113,455000,81,13
SEMBAWANG,5,118,381000,81,4
SEMBAWANG,5,111,416000,81,13
SEMBAWANG,5,111,375000,83,13
SEMBAWANG,5,110,360000,83,13
SEMBAWANG,5,120,432000,78,7
SEMBAWANG,5,110,370000,80,10
SEMBAWANG,5,110,385000,80,4
SEMBAWANG,5,110,425000,82,10
SEMBAWANG,5,111,430000,81,13
SEMBAWANG,5,123,430000,78,10
SEMBAWANG,5,110,370000,85,1
SEMBAWANG,5,113,415000,85,16
SEMBAWANG,5,121,449000,78,4
SEMBAWANG,5,110,395000,84,10
SEMBAWANG,6,133,450000,81,1
SEMBAWANG,6,127,478000,81,1
SEMBAWANG,6,130,470000,81,1
SEMBAWANG,6,130,515000,81,1
SEMBAWANG,6,131,470000,81,7
SEMBAWANG,6,131,480000,81,10
SEMBAWANG,6,130,465000,80,13
SEMBAWANG,6,130,506888,81,7
SEMBAWANG,2,47,240000,94,16
SEMBAWANG,2,47,215000,94,7
SEMBAWANG,2,47,240000,94,13
SEMBAWANG,3,68,290000,94,7
SEMBAWANG,3,68,300000,94,10
SEMBAWANG,3,68,278000,94,1
SEMBAWANG,3,68,303000,94,7
SEMBAWANG,3,68,296888,94,10
SEMBAWANG,3,68,290000,94,10
SEMBAWANG,3,67,297500,94,19
SEMBAWANG,4,95,368000,80,13
SEMBAWANG,4,102,320000,81,7
SEMBAWANG,4,87,309000,83,4
SEMBAWANG,4,87,315000,83,13
SEMBAWANG,4,91,308000,83,16
SEMBAWANG,4,90,292000,80,1
SEMBAWANG,4,90,312000,83,10
SEMBAWANG,4,93,356000,81,4
SEMBAWANG,4,85,316000,82,1
SEMBAWANG,4,93,360000,94,1
SEMBAWANG,4,93,390000,94,10
SEMBAWANG,4,93,402000,94,13
SEMBAWANG,4,93,415000,94,16
SEMBAWANG,4,93,415000,94,16
SEMBAWANG,4,101,330000,79,10
SEMBAWANG,4,95,325000,80,4
SEMBAWANG,4,101,349888,78,7
SEMBAWANG,4,95,385000,80,7
SEMBAWANG,4,100,322000,79,4
SEMBAWANG,4,90,310000,80,4
SEMBAWANG,4,90,285000,78,1
SEMBAWANG,4,101,325000,78,7
SEMBAWANG,4,91,320000,80,7
SEMBAWANG,4,86,307000,80,7
SEMBAWANG,4,92,385000,94,19
SEMBAWANG,4,92,380000,94,16
SEMBAWANG,4,91,303000,80,1
SEMBAWANG,4,101,350000,78,13
SEMBAWANG,4,90,310000,85,1
SEMBAWANG,5,118,345000,81,1
SEMBAWANG,5,118,375000,81,1
SEMBAWANG,5,118,363000,80,1
SEMBAWANG,5,110,365000,83,10
SEMBAWANG,5,111,372000,83,13
SEMBAWANG,5,110,350000,80,10
SEMBAWANG,5,110,395000,80,7
SEMBAWANG,5,110,400000,82,13
SEMBAWANG,5,123,495000,78,7
SEMBAWANG,5,121,415000,78,7
SEMBAWANG,5,110,363000,80,4
SEMBAWANG,5,112,390000,80,13
SEMBAWANG,5,110,356000,80,4
SEMBAWANG,5,113,415388,85,16
SEMBAWANG,5,110,380000,85,7
SEMBAWANG,5,111,406888,81,10
SEMBAWANG,5,111,375000,81,4
SEMBAWANG,5,111,395000,81,10
SEMBAWANG,5,110,366000,84,1
SEMBAWANG,6,137,450000,80,7
SEMBAWANG,6,130,535000,81,10
SEMBAWANG,6,130,568000,81,7
SEMBAWANG,6,130,450000,80,10
SEMBAWANG,6,131,500000,80,10
SEMBAWANG,6,139,523000,79,7
SEMBAWANG,6,130,430000,80,4
SEMBAWANG,6,130,470000,80,10
SEMBAWANG,2,47,210000,94,1
SEMBAWANG,2,47,200000,94,13
SEMBAWANG,2,47,225000,94,10
SEMBAWANG,2,46,230000,94,22
SEMBAWANG,2,40,200000,90,7
SEMBAWANG,2,40,210000,90,4
SEMBAWANG,3,68,288000,94,4
SEMBAWANG,3,68,285000,94,1
SEMBAWANG,3,67,286000,94,16
SEMBAWANG,4,102,340000,80,10
SEMBAWANG,4,96,339000,80,1
SEMBAWANG,4,93,410000,81,10
SEMBAWANG,4,95,375000,81,16
SEMBAWANG,4,102,322888.88,80,4
SEMBAWANG,4,87,318000,83,10
SEMBAWANG,4,85,313000,82,10
SEMBAWANG,4,94,305000,90,1
SEMBAWANG,4,94,360000,90,13
SEMBAWANG,4,94,330000,90,4
SEMBAWANG,4,93,420000,94,13
SEMBAWANG,4,93,366000,94,4
SEMBAWANG,4,93,380000,94,4
SEMBAWANG,4,93,405000,94,10
SEMBAWANG,4,102,365000,78,13
SEMBAWANG,4,101,365000,78,4
SEMBAWANG,4,92,350000,94,1
SEMBAWANG,4,92,359000,94,4
SEMBAWANG,4,92,400000,94,19
SEMBAWANG,4,90,310000,80,4
SEMBAWANG,4,92,390000,94,16
SEMBAWANG,4,90,324000,79,13
SEMBAWANG,4,90,343000,81,7
SEMBAWANG,4,90,320000,81,1
SEMBAWANG,4,90,330000,84,1
SEMBAWANG,4,91,318000,81,1
SEMBAWANG,5,110,398000,81,7
SEMBAWANG,5,110,400000,80,13
SEMBAWANG,5,121,450000,78,7
SEMBAWANG,5,116,415000,78,10
SEMBAWANG,5,121,403000,78,4
SEMBAWANG,5,110,398000,85,4
SEMBAWANG,5,110,389000,85,10
SEMBAWANG,5,121,438000,78,4
SEMBAWANG,5,110,365888,84,1
SEMBAWANG,6,131,462000,81,4
SEMBAWANG,6,131,450000,81,1
SEMBAWANG,6,131,485000,80,7
SEMBAWANG,6,130,495000,81,1
SEMBAWANG,6,135,510000,78,10
SEMBAWANG,6,131,495000,80,10
SEMBAWANG,6,136,470000,78,1
SEMBAWANG,2,47,235000,94,13
SEMBAWANG,2,47,230500,94,7
SEMBAWANG,2,46,233000,94,13
SEMBAWANG,3,68,298000,94,10
SEMBAWANG,3,67,303000,94,22
SEMBAWANG,4,85,300000,82,4
SEMBAWANG,4,87,320000,83,13
SEMBAWANG,4,91,308000,82,13
SEMBAWANG,4,93,425000,81,13
SEMBAWANG,4,90,305000,80,1
SEMBAWANG,4,93,395000,94,16
SEMBAWANG,4,93,415000,94,10
SEMBAWANG,4,93,360000,94,4
SEMBAWANG,4,93,390000,94,10
SEMBAWANG,4,93,365000,94,4
SEMBAWANG,4,93,415000,94,16
SEMBAWANG,4,93,425000,94,16
SEMBAWANG,4,93,390000,94,10
SEMBAWANG,4,101,355000,79,7
SEMBAWANG,4,100,353000,78,4
SEMBAWANG,4,101,368888,78,13
SEMBAWANG,4,92,380888,94,7
SEMBAWANG,4,91,285000,78,1
SEMBAWANG,4,90,328000,85,13
SEMBAWANG,4,101,326000,78,1
SEMBAWANG,4,90,340000,81,10
SEMBAWANG,5,110,375000,81,4
SEMBAWANG,5,111,380000,81,10
SEMBAWANG,5,111,420000,81,13
SEMBAWANG,5,110,402000,80,13
SEMBAWANG,5,110,455000,81,10
SEMBAWANG,5,113,480888,81,13
SEMBAWANG,5,110,388000,80,7
SEMBAWANG,5,110,385000,80,7
SEMBAWANG,5,110,355000,80,1
SEMBAWANG,5,110,386000,80,7
SEMBAWANG,5,110,379000,80,4
SEMBAWANG,5,110,405000,85,7
SEMBAWANG,5,110,374000,79,7
SEMBAWANG,5,110,395000,80,10
SEMBAWANG,5,110,370888,80,13
SEMBAWANG,5,110,395000,80,7
SEMBAWANG,5,122,435000,78,4
SEMBAWANG,5,110,403000,80,10
SEMBAWANG,6,137,470000,80,7
SEMBAWANG,6,137,465000,80,13
SEMBAWANG,6,137,447000,80,10
SEMBAWANG,6,130,485000,80,1
SEMBAWANG,6,130,480000,80,4
SEMBAWANG,6,141,547000,78,13
SEMBAWANG,6,130,418000,80,1
SEMBAWANG,6,141,605000,78,7
SEMBAWANG,6,125,485000,82,7
SEMBAWANG,6,136,410000,78,1
SEMBAWANG,6,130,480000,80,10
SEMBAWANG,6,141,500000,78,4
SEMBAWANG,2,47,210000,94,7
SEMBAWANG,2,47,232000,94,7
SEMBAWANG,2,46,224000,94,7
SEMBAWANG,3,68,300000,94,10
SEMBAWANG,3,68,300000,94,4
SEMBAWANG,3,68,275000,94,13
SEMBAWANG,3,68,290000,94,7
SEMBAWANG,3,68,315000,94,16
SEMBAWANG,3,67,300000,94,19
SEMBAWANG,4,94,372000,80,10
SEMBAWANG,4,102,325000,80,4
SEMBAWANG,4,96,345000,80,4
SEMBAWANG,4,94,346000,89,16
SEMBAWANG,4,90,325000,83,1
SEMBAWANG,4,86,283000,83,1
SEMBAWANG,4,90,295000,83,4
SEMBAWANG,4,96,350000,89,4
SEMBAWANG,4,94,345000,89,4
SEMBAWANG,4,91,340000,83,19
SEMBAWANG,4,94,350000,89,16
SEMBAWANG,4,97,360000,78,7
SEMBAWANG,4,100,382000,78,10
SEMBAWANG,4,90,342000,80,4
SEMBAWANG,4,93,396000,81,7
SEMBAWANG,4,85,322000,82,10
SEMBAWANG,4,85,318000,82,1
SEMBAWANG,4,93,418000,94,13
SEMBAWANG,4,93,422000,94,16
SEMBAWANG,4,93,380000,94,4
SEMBAWANG,4,93,380000,94,4
SEMBAWANG,4,93,400000,94,7
SEMBAWANG,4,93,415000,94,10
SEMBAWANG,4,93,415000,94,13
SEMBAWANG,4,93,375000,94,4
SEMBAWANG,4,100,346888,78,10
SEMBAWANG,4,90,335000,79,7
SEMBAWANG,4,92,360000,94,7
SEMBAWANG,4,90,328000,85,10
SEMBAWANG,4,90,303000,79,1
SEMBAWANG,4,101,350000,78,7
SEMBAWANG,4,90,304000,78,1
SEMBAWANG,4,92,400000,94,10
SEMBAWANG,4,90,330000,83,1
SEMBAWANG,4,85,355000,83,10
SEMBAWANG,4,91,347000,80,10
SEMBAWANG,5,110,390000,81,1
SEMBAWANG,5,110,450000,81,7
SEMBAWANG,5,110,385000,83,7
SEMBAWANG,5,110,362800,80,7
SEMBAWANG,5,110,419000,80,10
SEMBAWANG,5,110,376000,80,4
SEMBAWANG,5,110,465888,81,7
SEMBAWANG,5,110,390000,80,7
SEMBAWANG,5,119,395000,78,7
SEMBAWANG,5,123,445168,78,7
SEMBAWANG,5,110,342000,79,4
SEMBAWANG,5,121,485000,78,16
SEMBAWANG,6,137,460000,80,7
SEMBAWANG,6,137,490888,80,7
SEMBAWANG,6,130,525000,80,10
SEMBAWANG,6,130,505000,80,13
SEMBAWANG,6,131,470000,80,4
SEMBAWANG,6,130,445000,80,7
SEMBAWANG,6,130,465000,80,1
SEMBAWANG,2,47,215000,94,4
SEMBAWANG,2,46,220000,94,10
SEMBAWANG,2,46,224000,94,13
SEMBAWANG,2,46,240000,94,13
SEMBAWANG,2,46,210000,94,16
SEMBAWANG,3,68,288000,94,4
SEMBAWANG,3,68,306000,94,13
SEMBAWANG,3,68,295000,94,13
SEMBAWANG,4,102,340000,80,4
SEMBAWANG,4,95,365000,80,7
SEMBAWANG,4,102,335000,80,4
SEMBAWANG,4,95,313000,80,1
SEMBAWANG,4,91,320000,83,13
SEMBAWANG,4,90,325000,80,10
SEMBAWANG,4,90,310000,80,1
SEMBAWANG,4,85,320000,82,10
SEMBAWANG,4,85,310000,82,4
SEMBAWANG,4,94,350000,89,7
SEMBAWANG,4,96,336000,89,4
SEMBAWANG,4,90,308000,80,1
SEMBAWANG,4,93,413000,80,7
SEMBAWANG,4,86,342000,82,10
SEMBAWANG,4,93,398000,94,10
SEMBAWANG,4,95,348000,80,1
SEMBAWANG,4,95,385000,80,10
SEMBAWANG,4,100,383888,78,13
SEMBAWANG,4,90,285000,80,1
SEMBAWANG,4,92,395000,94,19
SEMBAWANG,4,92,385000,94,19
SEMBAWANG,4,86,315000,79,7
SEMBAWANG,4,92,395000,94,22
SEMBAWANG,4,90,330000,83,1
SEMBAWANG,5,110,463000,81,10
SEMBAWANG,5,111,415000,80,10
SEMBAWANG,5,114,371000,80,1
SEMBAWANG,5,111,385000,80,1
SEMBAWANG,5,110,370000,83,16
SEMBAWANG,5,110,355000,80,10
SEMBAWANG,5,110,465000,80,4
SEMBAWANG,5,110,430000,81,4
SEMBAWANG,5,110,428888,82,13
SEMBAWANG,5,110,362000,82,4
SEMBAWANG,5,113,410000,85,16
SEMBAWANG,5,110,360000,79,1
SEMBAWANG,5,121,455000,78,7
SEMBAWANG,6,137,448000,80,7
SEMBAWANG,6,137,440000,80,7
SEMBAWANG,6,137,460000,80,13
SEMBAWANG,6,137,440000,80,10
SEMBAWANG,6,126,470000,81,1
SEMBAWANG,6,141,555000,78,7
SEMBAWANG,6,130,480000,79,7
SEMBAWANG,6,130,470000,81,1
SEMBAWANG,6,130,430000,80,4
SEMBAWANG,2,47,235000,94,10
SEMBAWANG,2,47,225000,94,4
SEMBAWANG,2,46,228000,94,13
SEMBAWANG,2,46,229000,94,19
SEMBAWANG,2,46,226000,94,10
SEMBAWANG,3,68,300000,94,13
SEMBAWANG,3,68,303000,94,13
SEMBAWANG,4,102,326000,80,10
SEMBAWANG,4,94,340000,80,1
SEMBAWANG,4,94,330000,89,13
SEMBAWANG,4,94,345000,89,13
SEMBAWANG,4,94,338000,89,4
SEMBAWANG,4,92,318000,80,4
SEMBAWANG,4,90,300000,80,4
SEMBAWANG,4,93,375000,94,1
SEMBAWANG,4,93,416000,94,7
SEMBAWANG,4,93,395000,94,4
SEMBAWANG,4,93,416000,94,16
SEMBAWANG,4,93,410000,94,7
SEMBAWANG,4,93,384000,94,4
SEMBAWANG,4,93,390000,94,7
SEMBAWANG,4,93,380000,94,4
SEMBAWANG,4,94,390000,80,13
SEMBAWANG,4,100,365000,78,13
SEMBAWANG,4,92,385000,94,7
SEMBAWANG,4,88,300000,79,4
SEMBAWANG,4,101,370000,78,7
SEMBAWANG,5,111,460000,80,7
SEMBAWANG,5,110,415000,80,16
SEMBAWANG,5,110,449000,80,16
SEMBAWANG,5,110,338000,80,1
SEMBAWANG,5,123,410000,78,4
SEMBAWANG,5,121,405000,78,1
SEMBAWANG,5,110,364000,80,7
SEMBAWANG,5,120,428000,78,16
SEMBAWANG,5,110,377000,80,1
SEMBAWANG,5,110,367500,79,10
SEMBAWANG,5,110,399000,80,7
SEMBAWANG,6,131,490000,80,10
SEMBAWANG,6,131,468000,80,7
SEMBAWANG,6,131,450000,80,4
SEMBAWANG,6,131,480000,80,1
SEMBAWANG,6,135,480000,78,1
SEMBAWANG,6,136,490000,78,4
SEMBAWANG,6,136,520000,78,10
SEMBAWANG,6,130,425000,79,4
SEMBAWANG,6,130,508888,80,4
SEMBAWANG,2,47,215000,94,4
SEMBAWANG,2,46,195000,94,1
SEMBAWANG,3,68,300000,94,10
SEMBAWANG,3,68,280000,94,1
SEMBAWANG,3,68,295000,94,10
SEMBAWANG,3,68,288000,94,1
SEMBAWANG,3,67,300000,94,22
SEMBAWANG,3,67,300000,94,19
SEMBAWANG,4,93,406888,81,10
SEMBAWANG,4,96,345000,89,1
SEMBAWANG,4,85,302000,82,7
SEMBAWANG,4,91,335000,82,16
SEMBAWANG,4,96,350000,89,10
SEMBAWANG,4,90,345000,80,7
SEMBAWANG,4,100,375000,77,13
SEMBAWANG,4,85,358000,82,13
SEMBAWANG,4,101,365000,78,1
SEMBAWANG,4,101,385000,78,13
SEMBAWANG,4,92,378000,94,7
SEMBAWANG,4,92,392000,94,13
SEMBAWANG,4,90,348000,85,16
SEMBAWANG,4,92,400000,94,16
SEMBAWANG,4,90,310000,80,4
SEMBAWANG,4,90,346000,83,10
SEMBAWANG,4,90,302000,83,7
SEMBAWANG,5,110,400000,80,7
SEMBAWANG,5,111,418000,80,4
SEMBAWANG,5,110,335000,80,1
SEMBAWANG,5,110,370000,80,13
SEMBAWANG,5,110,396000,80,4
SEMBAWANG,5,110,388000,81,4
SEMBAWANG,5,111,378000,80,1
SEMBAWANG,5,110,410000,80,13
SEMBAWANG,5,110,395000,80,10
SEMBAWANG,6,137,490000,80,7
SEMBAWANG,6,137,445000,80,10
SEMBAWANG,6,125,522000,81,10
SEMBAWANG,2,47,235000,94,1
SEMBAWANG,2,47,230000,94,13
SEMBAWANG,2,46,240000,94,19
SEMBAWANG,3,68,292000,94,1
SEMBAWANG,3,67,285000,94,16
SEMBAWANG,4,102,340000,80,7
SEMBAWANG,4,94,302000,80,1
SEMBAWANG,4,102,345000,80,10
SEMBAWANG,4,94,375000,80,10
SEMBAWANG,4,102,346000,80,10
SEMBAWANG,4,94,342888,89,10
SEMBAWANG,4,94,346000,89,4
SEMBAWANG,4,90,336000,80,4
SEMBAWANG,4,100,355000,77,4
SEMBAWANG,4,93,418000,94,13
SEMBAWANG,4,93,380000,94,4
SEMBAWANG,4,93,410000,94,16
SEMBAWANG,4,93,375000,94,4
SEMBAWANG,4,101,355000,78,10
SEMBAWANG,4,90,305000,79,4
SEMBAWANG,4,93,350000,85,16
SEMBAWANG,4,90,341888,85,10
SEMBAWANG,4,86,290000,79,4
SEMBAWANG,5,111,429000,80,13
SEMBAWANG,5,118,360000,80,1
SEMBAWANG,5,114,413000,80,1
SEMBAWANG,5,111,372000,83,13
SEMBAWANG,5,110,470000,80,7
SEMBAWANG,5,110,470000,80,10
SEMBAWANG,5,110,406000,81,13
SEMBAWANG,5,110,425000,80,7
SEMBAWANG,5,115,418000,78,1
SEMBAWANG,5,111,435000,85,19
SEMBAWANG,5,110,348000,80,4
SEMBAWANG,5,120,405000,78,1
SEMBAWANG,6,126,540000,81,7
SEMBAWANG,6,130,510000,80,7
SEMBAWANG,6,141,510000,77,13
SEMBAWANG,6,130,478000,80,13
SEMBAWANG,6,130,500000,80,1
SEMBAWANG,6,130,530000,80,7
SEMBAWANG,5,120,460000,78,10
SEMBAWANG,2,46,228000,94,19
SEMBAWANG,2,46,218000,94,4
SEMBAWANG,3,68,300000,94,16
SEMBAWANG,3,68,330000,94,10
SEMBAWANG,4,95,352000,80,4
SEMBAWANG,4,93,406000,80,7
SEMBAWANG,4,102,340000,80,10
SEMBAWANG,4,93,400000,94,7
SEMBAWANG,4,93,383000,94,4
SEMBAWANG,4,93,398000,94,7
SEMBAWANG,4,93,428000,94,16
SEMBAWANG,4,93,395000,94,7
SEMBAWANG,4,93,400000,94,10
SEMBAWANG,4,93,418000,94,13
SEMBAWANG,4,100,346000,78,1
SEMBAWANG,4,95,375000,80,10
SEMBAWANG,4,101,376000,78,10
SEMBAWANG,4,101,320000,78,1
SEMBAWANG,4,90,340000,80,13
SEMBAWANG,4,90,327000,79,10
SEMBAWANG,4,90,336000,80,13
SEMBAWANG,5,111,439900,80,13
SEMBAWANG,5,118,375000,80,1
SEMBAWANG,5,111,380000,83,7
SEMBAWANG,5,111,372000,82,13
SEMBAWANG,5,110,365000,83,19
SEMBAWANG,5,110,445000,80,10
SEMBAWANG,5,121,449500,77,13
SEMBAWANG,5,110,460000,80,10
SEMBAWANG,5,110,425000,80,10
SEMBAWANG,5,123,438000,78,10
SEMBAWANG,5,110,438000,80,10
SEMBAWANG,5,110,380000,85,4
SEMBAWANG,5,120,480000,77,13
SEMBAWANG,5,110,395000,79,7
SEMBAWANG,5,110,410000,80,13
SEMBAWANG,5,110,405000,80,13
SEMBAWANG,5,121,443000,78,7
SEMBAWANG,5,111,388000,80,7
SEMBAWANG,6,137,428888,80,13
SEMBAWANG,6,125,534888,80,4
SEMBAWANG,6,137,456888,80,10
SEMBAWANG,6,130,488000,80,1
SEMBAWANG,6,130,500000,80,4
SEMBAWANG,3,68,310000,94,16
SEMBAWANG,4,90,320000,80,4
SEMBAWANG,4,92,412000,94,16
SEMBAWANG,4,90,306000,79,7
SEMBAWANG,5,120,426000,77,7
SEMBAWANG,5,115,412000,78,1
SEMBAWANG,5,110,390000,80,7
SEMBAWANG,6,131,468000,80,10
SEMBAWANG,6,139,515000,78,13
SEMBAWANG,6,130,435000,79,10
SEMBAWANG,4,101,350000,78,4
SEMBAWANG,5,111,420000,80,13
SEMBAWANG,5,110,382000,79,4
SEMBAWANG,6,137,460000,80,13
SEMBAWANG,6,130,478000,79,10
SEMBAWANG,6,130,435000,79,13
SEMBAWANG,3,68,300000,94,10
SEMBAWANG,2,46,226000,94,7
SEMBAWANG,2,46,220000,94,13
SEMBAWANG,3,68,308000,94,7
SEMBAWANG,4,102,362000,80,10
SEMBAWANG,4,95,360000,80,7
SEMBAWANG,4,91,355000,82,19
SEMBAWANG,4,90,335000,83,13
SEMBAWANG,4,90,335000,79,10
SEMBAWANG,4,87,330000,82,13
SEMBAWANG,4,94,340000,89,4
SEMBAWANG,4,87,323000,82,13
SEMBAWANG,4,93,409000,94,10
SEMBAWANG,4,93,378000,94,1
SEMBAWANG,4,100,353000,78,4
SEMBAWANG,4,95,368000,80,10
SEMBAWANG,4,95,352000,80,1
SEMBAWANG,4,100,360000,78,16
SEMBAWANG,4,95,355000,80,1
SEMBAWANG,4,92,378888,94,4
SEMBAWANG,4,86,320000,79,7
SEMBAWANG,4,92,410000,94,22
SEMBAWANG,4,92,413000,93,19
SEMBAWANG,4,90,338000,83,7
SEMBAWANG,5,111,405000,80,10
SEMBAWANG,5,111,438000,80,10
SEMBAWANG,5,110,372000,80,4
SEMBAWANG,5,110,430000,80,7
SEMBAWANG,5,110,428088,80,7
SEMBAWANG,5,110,443000,80,13
SEMBAWANG,5,110,360000,80,7
SEMBAWANG,5,110,370000,82,7
SEMBAWANG,5,110,405000,80,7
SEMBAWANG,5,110,403000,80,10
SEMBAWANG,5,110,463000,80,7
SEMBAWANG,5,110,396000,81,7
SEMBAWANG,5,110,365000,80,1
SEMBAWANG,5,110,414000,81,13
SEMBAWANG,5,110,406000,81,13
SEMBAWANG,5,114,466188,80,16
SEMBAWANG,5,116,375000,78,10
SEMBAWANG,5,116,375000,78,7
SEMBAWANG,5,115,428000,78,10
SEMBAWANG,5,120,418000,78,4
SEMBAWANG,5,123,428000,78,13
SEMBAWANG,5,110,395000,79,10
SEMBAWANG,5,110,370000,79,4
SEMBAWANG,5,110,417000,80,7
SEMBAWANG,6,131,488000,80,10
SEMBAWANG,6,137,480000,80,10
SEMBAWANG,6,137,475000,80,4
SEMBAWANG,6,131,480000,80,4
SEMBAWANG,6,130,470000,79,1
SEMBAWANG,2,47,225000,93,4
SEMBAWANG,2,46,242000,93,19
SEMBAWANG,2,40,206000,89,4
SEMBAWANG,3,68,312000,93,13
SEMBAWANG,4,95,375000,80,13
SEMBAWANG,4,102,357000,80,10
SEMBAWANG,4,94,375000,80,13
SEMBAWANG,4,94,355000,89,10
SEMBAWANG,4,96,352000,89,13
SEMBAWANG,4,94,361000,89,7
SEMBAWANG,4,96,363000,89,10
SEMBAWANG,4,90,332000,79,13
SEMBAWANG,4,90,335000,81,4
SEMBAWANG,4,93,408000,93,16
SEMBAWANG,4,93,415000,93,10
SEMBAWANG,4,93,400000,93,7
SEMBAWANG,4,93,422000,93,16
SEMBAWANG,4,93,370000,93,1
SEMBAWANG,4,93,410000,93,13
SEMBAWANG,4,93,410000,93,7
SEMBAWANG,4,100,351000,78,7
SEMBAWANG,4,90,310000,79,4
SEMBAWANG,4,90,350000,79,10
SEMBAWANG,4,90,280000,77,7
SEMBAWANG,4,103,388000,77,13
SEMBAWANG,4,100,375000,77,7
SEMBAWANG,4,90,350000,83,7
SEMBAWANG,5,111,380000,80,4
SEMBAWANG,5,110,418000,80,13
SEMBAWANG,5,110,445000,80,7
SEMBAWANG,5,111,400000,82,16
SEMBAWANG,5,110,365000,82,4
SEMBAWANG,5,110,425000,80,1
SEMBAWANG,5,110,481000,80,7
SEMBAWANG,5,121,435000,77,4
SEMBAWANG,5,110,401800,79,7
SEMBAWANG,5,113,490000,80,13
SEMBAWANG,5,110,410000,79,7
SEMBAWANG,5,110,412000,81,13
SEMBAWANG,5,123,378000,77,1
SEMBAWANG,5,119,425000,78,4
SEMBAWANG,5,115,380000,78,1
SEMBAWANG,5,110,385000,83,7
SEMBAWANG,5,111,377000,80,1
SEMBAWANG,5,110,410000,83,7
SEMBAWANG,6,131,468000,80,4
SEMBAWANG,6,137,444888,80,7
SEMBAWANG,6,137,445000,80,13
SEMBAWANG,6,130,535000,80,7
SEMBAWANG,6,130,530000,80,7
SEMBAWANG,6,130,480000,79,13
SEMBAWANG,6,140,520000,77,7
SEMBAWANG,6,130,454000,79,7
SEMBAWANG,6,130,471000,79,4
SEMBAWANG,6,141,510000,77,10
SEMBAWANG,6,140,555000,77,10
SEMBAWANG,6,141,550000,77,13
SEMBAWANG,6,130,488000,79,13
SEMBAWANG,6,130,460000,79,4
SEMBAWANG,6,131,490000,79,13
SEMBAWANG,6,135,470000,78,4
SEMBAWANG,6,130,440000,79,4
SEMBAWANG,2,47,258888,93,7
SEMBAWANG,2,40,201300,89,4
SEMBAWANG,3,68,315000,93,13
SEMBAWANG,3,68,315000,93,10
SEMBAWANG,3,67,300000,93,19
SEMBAWANG,3,67,315000,93,22
SEMBAWANG,4,102,342000,79,4
SEMBAWANG,4,91,330000,82,13
SEMBAWANG,4,90,325000,81,4
SEMBAWANG,4,90,312000,82,1
SEMBAWANG,4,90,310000,79,1
SEMBAWANG,4,93,428000,93,16
SEMBAWANG,4,95,350000,79,1
SEMBAWANG,4,92,422000,93,19
SEMBAWANG,4,92,420000,93,19
SEMBAWANG,4,88,310000,78,4
SEMBAWANG,4,92,388000,93,13
SEMBAWANG,4,92,386000,93,13
SEMBAWANG,4,90,355000,84,13
SEMBAWANG,4,90,342000,80,7
SEMBAWANG,5,112,470000,80,13
SEMBAWANG,5,111,400000,79,1
SEMBAWANG,5,111,430000,79,10
SEMBAWANG,5,111,380000,82,13
SEMBAWANG,5,110,375000,81,4
SEMBAWANG,5,110,403000,80,7
SEMBAWANG,5,120,465000,77,16
SEMBAWANG,5,110,393900,80,1
SEMBAWANG,5,110,418000,79,7
SEMBAWANG,5,110,488000,79,10
SEMBAWANG,5,110,410000,79,13
SEMBAWANG,5,110,365000,79,1
SEMBAWANG,5,110,403000,79,10
SEMBAWANG,5,110,380000,79,1
SEMBAWANG,5,121,468000,77,13
SEMBAWANG,5,121,485000,77,7
SEMBAWANG,6,137,470000,80,13
SEMBAWANG,6,137,478000,80,16
SEMBAWANG,6,137,470000,80,16
SEMBAWANG,6,137,465000,80,13
SEMBAWANG,6,131,495000,80,4
SEMBAWANG,6,137,485000,79,7
SEMBAWANG,6,130,513000,80,4
SEMBAWANG,6,130,458000,79,7
SEMBAWANG,6,130,490000,79,10
SEMBAWANG,6,130,480000,79,7
SEMBAWANG,6,130,455000,79,1
SEMBAWANG,6,130,475000,78,4
SEMBAWANG,6,130,533000,80,7
SEMBAWANG,6,131,515000,80,7
