town,flat_type,floor_area_sqm,resale_price,remaining_lease,storey_range
SERANGOON,3,67,292000,67,4
SERANGOON,3,73,318000,60,1
SERANGOON,3,67,319000,66,10
SERANGOON,3,64,320000,60,1
SERANGOON,3,73,320000,67,1
SERANGOON,3,67,320000,66,7
SERANGOON,3,73,377000,65,10
SERANGOON,4,93,355000,67,4
SERANGOON,4,83,370000,69,1
SERANGOON,4,91,390000,67,4
SERANGOON,4,99,420000,67,1
SERANGOON,4,95,472000,67,4
SERANGOON,4,105,550000,71,1
SERANGOON,4,109,560000,71,4
SERANGOON,4,103,593000,71,10
SERANGOON,4,109,625000,71,7
SERANGOON,6,145,640000,74,4
SERANGOON,6,147,645000,74,7
SERANGOON,6,153,708000,74,7
SERANGOON,6,156,735000,74,4
SERANGOON,3,60,253000,67,10
SERANGOON,3,67,260000,67,1
SERANGOON,3,60,268000,67,10
SERANGOON,3,64,275000,68,4
SERANGOON,3,67,300000,67,4
SERANGOON,3,64,348000,70,4
SERANGOON,3,64,365000,67,7
SERANGOON,3,64,400000,67,4
SERANGOON,4,91,336000,67,1
SERANGOON,4,91,350000,67,7
SERANGOON,4,91,370000,67,10
SERANGOON,4,104,377000,74,1
SERANGOON,4,104,390000,74,1
SERANGOON,4,91,400168,66,4
SERANGOON,4,91,410000,66,13
SERANGOON,4,101,415000,79,7
SERANGOON,4,91,448000,66,7
SERANGOON,4,92,450000,67,4
SERANGOON,4,95,455000,67,1
SERANGOON,4,84,485000,68,1
SERANGOON,4,84,525000,68,10
SERANGOON,4,104,595000,67,10
SERANGOON,4,105,600000,67,7
SERANGOON,5,124,470000,74,7
SERANGOON,5,121,520000,79,4
SERANGOON,5,121,545000,79,16
SERANGOON,6,150,670000,67,1
SERANGOON,6,150,700000,67,10
SERANGOON,6,152,720000,74,4
SERANGOON,6,152,725000,74,10
SERANGOON,6,154,938888,70,10
SERANGOON,3,64,266500,68,1
SERANGOON,3,64,280000,70,1
SERANGOON,3,64,330000,60,13
SERANGOON,3,67,337000,66,10
SERANGOON,3,67,338000,66,10
SERANGOON,3,64,338000,70,4
SERANGOON,3,60,342800,66,4
SERANGOON,3,73,348888,60,7
SERANGOON,3,64,375000,67,1
SERANGOON,4,84,318000,70,1
SERANGOON,4,91,349000,66,4
SERANGOON,4,91,356888,67,10
SERANGOON,4,101,378000,79,1
SERANGOON,4,100,390000,79,4
SERANGOON,4,100,390000,79,1
SERANGOON,4,92,395000,66,1
SERANGOON,4,91,395000,67,13
SERANGOON,4,84,405000,68,1
SERANGOON,4,103,418000,69,7
SERANGOON,4,100,425000,79,13
SERANGOON,4,91,428000,66,4
SERANGOON,4,94,440000,66,7
SERANGOON,4,84,443800,67,4
SERANGOON,4,93,450000,66,4
SERANGOON,4,91,458000,67,1
SERANGOON,4,95,460000,67,4
SERANGOON,4,90,460000,67,1
SERANGOON,4,92,460000,66,7
SERANGOON,4,83,480000,67,4
SERANGOON,4,90,518000,67,10
SERANGOON,4,84,523000,68,10
SERANGOON,4,105,550000,70,1
SERANGOON,4,105,568000,70,4
SERANGOON,4,105,575000,70,1
SERANGOON,4,113,635000,71,4
SERANGOON,5,124,505000,74,1
SERANGOON,5,121,515000,79,16
SERANGOON,5,120,520000,79,7
SERANGOON,5,122,530000,74,10
SERANGOON,5,119,532500,79,13
SERANGOON,5,121,640000,67,13
SERANGOON,5,121,660000,68,1
SERANGOON,5,115,735000,81,4
SERANGOON,6,150,633000,67,4
SERANGOON,6,147,655000,74,7
SERANGOON,6,147,660000,74,4
SERANGOON,6,146,675000,68,1
SERANGOON,6,150,700000,67,7
SERANGOON,6,141,740000,80,7
SERANGOON,6,140,800000,80,4
SERANGOON,6,146,858000,67,4
SERANGOON,3,60,260000,67,4
SERANGOON,3,64,268000,70,1
SERANGOON,3,64,285000,60,1
SERANGOON,3,60,290000,66,4
SERANGOON,3,60,290000,66,13
SERANGOON,3,64,290000,68,4
SERANGOON,3,64,328000,60,7
SERANGOON,3,69,350000,66,7
SERANGOON,3,64,395000,67,4
SERANGOON,3,78,435000,70,4
SERANGOON,4,91,300000,67,1
SERANGOON,4,91,308000,67,1
SERANGOON,4,83,335000,68,1
SERANGOON,4,100,380000,79,1
SERANGOON,4,101,390000,79,10
SERANGOON,4,93,410888,66,1
SERANGOON,4,100,411500,79,4
SERANGOON,4,96,450000,66,10
SERANGOON,4,84,455000,67,4
SERANGOON,4,84,472500,67,4
SERANGOON,4,96,485000,66,4
SERANGOON,4,84,490000,68,1
SERANGOON,4,84,500000,67,7
SERANGOON,4,105,630000,71,7
SERANGOON,5,121,425000,67,1
SERANGOON,5,122,478000,74,4
SERANGOON,5,122,488000,69,7
SERANGOON,5,126,490000,74,1
SERANGOON,5,124,496888,74,10
SERANGOON,5,122,512000,74,10
SERANGOON,5,134,691900,66,7
SERANGOON,5,121,735000,67,4
SERANGOON,5,115,750000,81,13
SERANGOON,6,149,635000,74,4
SERANGOON,6,141,692888,79,7
SERANGOON,6,146,710000,74,13
SERANGOON,6,140,784000,80,1
SERANGOON,6,141,825000,80,13
SERANGOON,6,151,940888,67,13
SERANGOON,3,67,290000,66,4
SERANGOON,3,67,315000,66,10
SERANGOON,3,70,333000,66,1
SERANGOON,3,64,345000,65,7
SERANGOON,3,67,355000,66,4
SERANGOON,3,73,360000,60,7
SERANGOON,3,64,365000,67,7
SERANGOON,3,64,372000,67,4
SERANGOON,4,83,313000,69,1
SERANGOON,4,83,325000,69,1
SERANGOON,4,103,360000,74,4
SERANGOON,4,84,360000,67,1
SERANGOON,4,104,360000,74,1
SERANGOON,4,91,365000,67,4
SERANGOON,4,103,385000,74,7
SERANGOON,4,107,420000,71,4
SERANGOON,4,106,420000,74,7
SERANGOON,4,96,433888,66,7
SERANGOON,4,102,440000,79,7
SERANGOON,4,83,445000,67,1
SERANGOON,4,99,465000,66,4
SERANGOON,4,96,475000,66,4
SERANGOON,4,96,480000,67,7
SERANGOON,4,84,515000,68,4
SERANGOON,4,103,618000,70,4
SERANGOON,5,120,515000,79,1
SERANGOON,5,122,518000,74,7
SERANGOON,5,132,662500,70,7
SERANGOON,5,122,685000,68,1
SERANGOON,5,121,750000,71,10
SERANGOON,5,121,768000,71,7
SERANGOON,6,147,647000,74,4
SERANGOON,6,140,938000,80,7
SERANGOON,3,64,256000,68,4
SERANGOON,3,60,302000,66,10
SERANGOON,3,73,325000,59,1
SERANGOON,3,64,375000,67,10
SERANGOON,4,91,345000,67,1
SERANGOON,4,83,355000,69,10
SERANGOON,4,100,366000,79,1
SERANGOON,4,91,380000,67,4
SERANGOON,4,100,390000,78,4
SERANGOON,4,100,415000,79,4
SERANGOON,4,110,425000,74,4
SERANGOON,4,91,430000,67,1
SERANGOON,4,91,440000,66,13
SERANGOON,4,93,463000,67,4
SERANGOON,4,92,476000,67,4
SERANGOON,4,91,478000,67,7
SERANGOON,4,105,478000,66,10
SERANGOON,4,84,525000,68,10
SERANGOON,4,103,535000,70,10
SERANGOON,4,89,540000,67,7
SERANGOON,4,111,560000,70,4
SERANGOON,4,99,680000,80,13
SERANGOON,5,122,499000,74,10
SERANGOON,5,140,518000,66,4
SERANGOON,5,131,570000,70,13
SERANGOON,6,147,650000,74,4
SERANGOON,6,150,660000,74,4
SERANGOON,6,147,703000,74,13
SERANGOON,6,149,715000,74,4
SERANGOON,6,156,870000,67,4
SERANGOON,6,150,870000,67,1
SERANGOON,6,141,905000,67,10
SERANGOON,3,60,280000,66,4
SERANGOON,3,67,296000,66,1
SERANGOON,3,70,300000,66,13
SERANGOON,3,67,308000,66,4
SERANGOON,3,67,320000,67,10
SERANGOON,3,64,330000,70,1
SERANGOON,3,64,333000,70,4
SERANGOON,3,64,370000,67,4
SERANGOON,4,83,338000,68,1
SERANGOON,4,86,342000,67,4
SERANGOON,4,104,345000,74,1
SERANGOON,4,100,360000,79,1
SERANGOON,4,100,370000,78,1
SERANGOON,4,91,373000,66,13
SERANGOON,4,101,375000,78,1
SERANGOON,4,104,395000,74,10
SERANGOON,4,104,395000,74,4
SERANGOON,4,100,398000,79,4
SERANGOON,4,94,399000,67,1
SERANGOON,4,91,428000,66,4
SERANGOON,4,100,430000,79,13
SERANGOON,4,91,435000,66,7
SERANGOON,4,98,468000,59,7
SERANGOON,4,91,478500,67,7
SERANGOON,4,84,485000,67,10
SERANGOON,4,91,505000,66,4
SERANGOON,4,84,520000,67,4
SERANGOON,4,113,650000,70,4
SERANGOON,4,113,665000,70,10
SERANGOON,4,98,468000,59,7
SERANGOON,5,122,495000,74,4
SERANGOON,5,125,500000,67,7
SERANGOON,5,119,520000,79,10
SERANGOON,5,125,520000,74,7
SERANGOON,5,120,540000,78,10
SERANGOON,5,115,750000,80,7
SERANGOON,6,145,605000,74,1
SERANGOON,6,150,670000,67,10
SERANGOON,6,145,685000,74,10
SERANGOON,6,148,708000,67,10
SERANGOON,6,141,938000,80,16
SERANGOON,3,64,263000,67,1
SERANGOON,3,60,265000,66,10
SERANGOON,3,60,270000,66,10
SERANGOON,3,70,270000,66,10
SERANGOON,3,64,280000,70,7
SERANGOON,3,63,280000,67,4
SERANGOON,3,67,305000,67,4
SERANGOON,3,64,373800,67,4
SERANGOON,3,70,375000,67,1
SERANGOON,3,64,395000,67,1
SERANGOON,4,83,350000,69,10
SERANGOON,4,104,390000,74,4
SERANGOON,4,100,397000,79,13
SERANGOON,4,92,408888,66,4
SERANGOON,4,84,420000,67,1
SERANGOON,4,84,498000,67,4
SERANGOON,4,98,510000,59,7
SERANGOON,4,108,550000,70,4
SERANGOON,4,104,570000,67,10
SERANGOON,4,103,585000,67,10
SERANGOON,4,103,616000,70,7
SERANGOON,4,105,616000,70,4
SERANGOON,4,105,650000,70,10
SERANGOON,4,113,675000,70,13
SERANGOON,4,113,726000,70,10
SERANGOON,5,125,443000,67,1
SERANGOON,5,122,478000,74,7
SERANGOON,5,122,480000,74,4
SERANGOON,5,120,482000,78,1
SERANGOON,5,121,500000,78,7
SERANGOON,5,122,510000,74,10
SERANGOON,5,120,512000,79,10
SERANGOON,5,119,540000,79,13
SERANGOON,5,121,638000,66,7
SERANGOON,5,122,670000,67,4
SERANGOON,5,122,770000,68,4
SERANGOON,6,146,655000,70,1
SERANGOON,6,153,663000,74,7
SERANGOON,6,155,700000,67,4
SERANGOON,6,146,705000,74,13
SERANGOON,6,147,720000,74,7
SERANGOON,4,83,338000,68,10
SERANGOON,3,64,268000,59,1
SERANGOON,3,60,268000,66,7
SERANGOON,3,71,290000,66,1
SERANGOON,3,67,320000,67,4
SERANGOON,3,79,320000,67,1
SERANGOON,3,64,372000,67,4
SERANGOON,3,64,395000,67,1
SERANGOON,4,91,340000,66,1
SERANGOON,4,100,370000,79,1
SERANGOON,4,101,372000,78,1
SERANGOON,4,103,395000,74,7
SERANGOON,4,106,400000,74,4
SERANGOON,4,103,405000,68,4
SERANGOON,4,84,424500,66,4
SERANGOON,4,100,425000,78,4
SERANGOON,4,90,440000,66,1
SERANGOON,4,84,445000,66,1
SERANGOON,4,84,470000,66,4
SERANGOON,4,84,475000,67,4
SERANGOON,4,91,480000,67,7
SERANGOON,4,84,500000,67,10
SERANGOON,4,88,508000,67,7
SERANGOON,4,84,510000,67,4
SERANGOON,4,96,518000,66,10
SERANGOON,4,94,520000,70,10
SERANGOON,4,104,545000,67,1
SERANGOON,4,113,616000,70,4
SERANGOON,4,105,625000,70,7
SERANGOON,4,104,633000,70,7
SERANGOON,4,113,670000,70,13
SERANGOON,4,84,470000,66,4
SERANGOON,5,121,446000,78,1
SERANGOON,5,122,485000,74,7
SERANGOON,5,122,500000,74,7
SERANGOON,5,120,510000,78,7
SERANGOON,5,120,520000,78,1
SERANGOON,5,125,530000,74,4
SERANGOON,5,120,592000,78,4
SERANGOON,5,121,740000,70,10
SERANGOON,5,115,760000,80,10
SERANGOON,6,151,650000,68,1
SERANGOON,6,149,680000,74,7
SERANGOON,6,140,698000,79,7
SERANGOON,6,148,706888,67,10
SERANGOON,6,147,718000,74,13
SERANGOON,6,140,971888,79,13
SERANGOON,3,67,297000,66,1
SERANGOON,3,67,298800,66,1
SERANGOON,3,67,310000,66,4
SERANGOON,3,67,317000,66,4
SERANGOON,3,64,338000,69,4
SERANGOON,3,73,351000,59,10
SERANGOON,3,73,353000,59,7
SERANGOON,3,64,366000,67,1
SERANGOON,3,70,368000,66,1
SERANGOON,4,83,350000,68,7
SERANGOON,4,105,424000,70,4
SERANGOON,4,96,428000,66,1
SERANGOON,4,84,440000,68,1
SERANGOON,4,84,495000,67,1
SERANGOON,4,84,550000,67,7
SERANGOON,4,104,575000,67,4
SERANGOON,4,105,613000,66,10
SERANGOON,4,111,618000,70,4
SERANGOON,4,103,660000,67,4
SERANGOON,5,121,510000,67,7
SERANGOON,5,127,513800,70,1
SERANGOON,5,121,535000,71,10
SERANGOON,5,121,615000,66,10
SERANGOON,5,121,650000,66,10
SERANGOON,5,123,658000,66,13
SERANGOON,5,122,700000,67,4
SERANGOON,6,152,640000,73,4
SERANGOON,6,147,650000,73,7
SERANGOON,6,143,675000,79,4
SERANGOON,6,147,720000,73,7
SERANGOON,3,60,270000,65,1
SERANGOON,3,71,280000,65,1
SERANGOON,3,72,288000,66,1
SERANGOON,3,71,290000,66,1
SERANGOON,3,67,315000,66,4
SERANGOON,3,64,320000,64,1
SERANGOON,3,60,320000,66,4
SERANGOON,3,64,321000,70,1
SERANGOON,3,64,333888,64,13
SERANGOON,3,67,338000,66,10
SERANGOON,3,64,340000,59,7
SERANGOON,3,60,345000,66,7
SERANGOON,3,70,370000,67,1
SERANGOON,3,64,370000,66,4
SERANGOON,4,100,368000,79,4
SERANGOON,4,93,410000,67,13
SERANGOON,4,101,410000,78,7
SERANGOON,4,93,460000,65,10
SERANGOON,4,91,463000,66,4
SERANGOON,4,84,480000,66,10
SERANGOON,4,89,520000,67,4
SERANGOON,4,106,608000,70,7
SERANGOON,4,113,630000,70,10
SERANGOON,4,113,700000,70,10
SERANGOON,5,121,438800,67,7
SERANGOON,5,122,492000,73,4
SERANGOON,5,120,513000,78,7
SERANGOON,5,123,695000,70,1
SERANGOON,6,146,602000,68,1
SERANGOON,6,149,605000,74,1
SERANGOON,6,146,615000,74,1
SERANGOON,6,146,648000,74,7
SERANGOON,6,145,675000,79,4
SERANGOON,6,147,738000,74,10
SERANGOON,6,141,740000,79,4
SERANGOON,6,155,800000,74,10
SERANGOON,6,141,850000,67,4
SERANGOON,6,141,970777,79,13
SERANGOON,4,107,405000,70,10
SERANGOON,4,103,420000,70,10
SERANGOON,4,100,400000,78,7
SERANGOON,4,104,375000,73,4
SERANGOON,5,121,530000,78,13
SERANGOON,6,149,900000,66,13
SERANGOON,6,146,900000,66,10
SERANGOON,6,165,1000000,66,10
SERANGOON,6,150,650000,66,4
SERANGOON,6,150,663000,66,1
SERANGOON,6,140,703000,79,10
SERANGOON,6,140,668000,78,13
SERANGOON,6,149,613000,73,4
SERANGOON,3,73,338000,59,10
SERANGOON,3,64,355000,67,7
SERANGOON,3,64,388000,67,10
SERANGOON,3,64,275000,67,4
SERANGOON,3,60,280000,65,7
SERANGOON,3,60,285000,65,4
SERANGOON,4,106,535000,70,4
SERANGOON,4,104,600000,66,10
SERANGOON,4,104,608000,66,10
SERANGOON,4,84,380000,67,1
SERANGOON,4,89,553000,66,1
SERANGOON,4,91,345000,66,10
SERANGOON,4,103,423888,68,10
SERANGOON,4,91,340000,66,10
SERANGOON,2,44,230000,59,10
SERANGOON,3,64,256000,67,1
SERANGOON,3,71,280000,65,1
SERANGOON,3,60,285000,66,4
SERANGOON,3,67,288000,65,1
SERANGOON,3,67,290888,65,4
SERANGOON,3,64,338000,66,7
SERANGOON,3,64,340000,59,7
SERANGOON,3,67,356000,66,7
SERANGOON,4,92,450000,65,10
SERANGOON,4,89,455000,67,1
SERANGOON,4,93,475000,66,4
SERANGOON,4,103,550000,70,4
SERANGOON,5,122,390000,74,1
SERANGOON,5,124,445000,73,4
SERANGOON,5,122,490000,73,13
SERANGOON,5,121,505000,67,4
SERANGOON,5,121,532000,78,16
SERANGOON,5,121,540000,78,13
SERANGOON,5,122,638000,66,1
SERANGOON,6,141,605000,78,1
SERANGOON,6,146,670000,73,7
SERANGOON,6,148,705000,66,10
SERANGOON,6,147,720000,73,10
SERANGOON,6,147,723000,73,10
SERANGOON,6,146,725000,73,13
SERANGOON,6,146,825000,67,7
SERANGOON,6,140,905000,79,10
SERANGOON,2,44,221868,59,4
SERANGOON,3,64,271000,67,1
SERANGOON,3,64,338000,66,4
SERANGOON,3,64,338000,59,13
SERANGOON,3,64,435000,66,7
SERANGOON,4,91,330000,66,1
SERANGOON,4,91,342000,66,4
SERANGOON,4,92,350000,65,7
SERANGOON,4,91,363000,66,7
SERANGOON,4,84,472000,66,4
SERANGOON,4,89,480000,66,1
SERANGOON,4,105,575000,70,1
SERANGOON,4,104,580000,66,10
SERANGOON,4,105,585000,66,10
SERANGOON,4,103,605000,67,4
SERANGOON,4,105,610000,66,4
SERANGOON,4,105,615000,66,7
SERANGOON,4,111,632000,70,4
SERANGOON,4,100,645000,80,13
SERANGOON,5,124,450000,73,1
SERANGOON,5,121,470000,66,10
SERANGOON,5,124,493000,73,4
SERANGOON,5,119,510000,78,4
SERANGOON,5,124,530000,73,7
SERANGOON,5,120,535000,78,7
SERANGOON,5,119,540000,78,10
SERANGOON,5,123,718000,66,10
SERANGOON,6,145,618000,73,1
SERANGOON,6,145,650000,73,1
SERANGOON,6,149,690000,73,4
SERANGOON,6,147,772000,73,4
SERANGOON,6,151,890000,66,4
SERANGOON,3,67,250000,66,1
SERANGOON,3,72,250000,66,1
SERANGOON,3,64,258000,67,4
SERANGOON,3,81,295000,65,1
SERANGOON,3,60,320000,66,10
SERANGOON,3,69,365000,66,4
SERANGOON,4,83,275500,68,1
SERANGOON,4,83,323000,69,7
SERANGOON,4,100,325000,78,1
SERANGOON,4,91,345000,66,4
SERANGOON,4,96,360000,66,4
SERANGOON,4,104,376000,73,4
SERANGOON,4,103,380000,73,1
SERANGOON,4,103,385000,73,1
SERANGOON,4,102,403000,78,4
SERANGOON,4,91,408000,66,13
SERANGOON,4,98,413800,66,1
SERANGOON,4,103,417000,68,4
SERANGOON,4,107,420000,70,7
SERANGOON,4,100,423888,78,10
SERANGOON,4,91,450008,65,4
SERANGOON,4,91,460000,66,4
SERANGOON,4,84,460000,66,4
SERANGOON,4,91,465000,65,7
SERANGOON,4,114,470000,70,13
SERANGOON,4,93,472000,65,7
SERANGOON,4,84,475000,66,4
SERANGOON,4,91,475000,65,13
SERANGOON,4,93,488000,65,4
SERANGOON,4,91,500000,66,4
SERANGOON,4,84,505000,67,4
SERANGOON,4,104,525000,66,1
SERANGOON,4,89,530000,66,10
SERANGOON,4,89,568000,66,7
SERANGOON,4,105,590000,70,4
SERANGOON,4,105,608000,70,1
SERANGOON,4,105,625000,69,4
SERANGOON,5,122,438000,67,1
SERANGOON,5,124,440000,73,4
SERANGOON,5,123,443000,73,1
SERANGOON,5,121,490000,78,4
SERANGOON,5,120,500000,78,7
SERANGOON,5,124,500000,73,7
SERANGOON,5,122,510000,73,4
SERANGOON,5,122,522500,70,7
SERANGOON,5,121,538000,78,13
SERANGOON,5,122,550000,73,7
SERANGOON,5,121,770000,70,10
SERANGOON,6,150,590000,66,1
SERANGOON,6,147,608000,73,1
SERANGOON,6,146,650000,73,1
SERANGOON,6,147,650000,73,4
SERANGOON,6,150,658000,66,7
SERANGOON,6,146,700000,73,4
SERANGOON,6,146,720000,73,4
SERANGOON,6,141,865000,66,7
SERANGOON,6,146,888000,66,4
SERANGOON,6,140,916000,79,1
SERANGOON,3,64,170000,59,13
SERANGOON,3,67,278000,65,1
SERANGOON,3,64,305000,59,4
SERANGOON,3,64,315000,59,10
SERANGOON,3,69,363000,65,4
SERANGOON,4,91,348000,65,1
SERANGOON,4,91,350000,66,7
SERANGOON,4,91,362500,66,10
SERANGOON,4,93,370000,66,7
SERANGOON,4,91,388000,65,10
SERANGOON,4,103,410000,68,10
SERANGOON,4,100,418000,78,7
SERANGOON,4,100,425000,78,7
SERANGOON,4,90,440000,66,7
SERANGOON,4,95,488000,66,4
SERANGOON,4,93,500000,66,13
SERANGOON,4,84,520000,67,4
SERANGOON,4,84,538000,66,7
SERANGOON,4,105,668000,69,4
SERANGOON,5,122,485000,73,4
SERANGOON,5,122,500000,73,4
SERANGOON,5,122,500000,73,10
SERANGOON,5,122,500000,73,10
SERANGOON,5,120,520000,78,4
SERANGOON,5,121,603888,66,4
SERANGOON,5,115,620000,80,4
SERANGOON,5,121,673000,66,7
SERANGOON,5,115,780000,80,7
SERANGOON,6,147,670000,73,7
SERANGOON,6,147,680000,73,10
SERANGOON,6,150,690000,73,4
SERANGOON,6,147,730000,73,7
SERANGOON,6,146,850000,66,4
SERANGOON,6,149,875000,66,10
SERANGOON,3,60,230000,65,1
SERANGOON,3,67,255000,65,4
SERANGOON,3,64,280000,64,13
SERANGOON,3,64,298000,59,7
SERANGOON,3,67,320000,65,4
SERANGOON,3,67,328000,65,7
SERANGOON,3,69,335000,65,1
SERANGOON,3,73,360000,59,10
SERANGOON,3,64,408000,66,7
SERANGOON,4,83,300000,69,1
SERANGOON,4,100,345000,78,4
SERANGOON,4,93,355000,65,10
SERANGOON,4,91,360000,66,7
SERANGOON,4,103,380000,73,1
SERANGOON,4,104,385000,73,4
SERANGOON,4,91,388000,65,13
SERANGOON,4,103,410000,73,7
SERANGOON,4,91,466000,66,1
SERANGOON,4,84,470000,66,10
SERANGOON,4,88,518000,66,7
SERANGOON,4,111,668000,69,4
SERANGOON,4,113,670000,69,10
SERANGOON,5,121,450000,78,1
SERANGOON,5,121,480000,78,1
SERANGOON,5,121,505000,78,7
SERANGOON,5,124,515000,73,4
SERANGOON,5,125,600000,66,7
SERANGOON,5,121,740000,66,10
SERANGOON,5,121,763000,69,10
SERANGOON,6,150,650000,66,1
SERANGOON,6,150,670000,67,1
SERANGOON,6,150,685000,66,4
SERANGOON,6,149,693888,73,7
SERANGOON,6,147,750000,73,13
SERANGOON,6,140,948000,79,7
SERANGOON,3,60,275000,65,13
SERANGOON,3,60,280000,65,1
SERANGOON,3,67,282000,65,1
SERANGOON,3,67,290000,65,1
SERANGOON,3,64,320000,66,4
SERANGOON,3,64,355000,69,1
SERANGOON,3,64,358000,58,4
SERANGOON,3,67,375000,65,7
SERANGOON,3,64,393000,66,4
SERANGOON,4,86,295000,67,1
SERANGOON,4,91,314000,66,1
SERANGOON,4,91,358000,66,4
SERANGOON,4,83,365000,69,1
SERANGOON,4,104,385000,73,4
SERANGOON,4,100,408000,78,10
SERANGOON,4,100,408388,77,10
SERANGOON,4,101,418888,78,1
SERANGOON,4,94,460000,65,1
SERANGOON,4,91,488000,66,7
SERANGOON,4,84,503000,66,4
SERANGOON,4,105,508000,69,1
SERANGOON,4,105,628000,69,7
SERANGOON,4,113,668000,69,7
SERANGOON,5,122,480000,73,1
SERANGOON,5,121,500000,66,10
SERANGOON,5,122,526000,73,7
SERANGOON,5,121,670000,69,1
SERANGOON,5,122,715000,67,4
SERANGOON,6,151,610000,67,1
SERANGOON,6,149,685000,73,7
SERANGOON,6,145,750000,73,13
SERANGOON,6,141,915000,79,10
SERANGOON,3,63,240000,66,1
SERANGOON,3,64,250000,67,1
SERANGOON,3,64,267000,58,10
SERANGOON,3,67,285000,65,1
SERANGOON,3,67,290000,65,7
SERANGOON,3,82,310000,65,1
SERANGOON,3,67,310000,66,4
SERANGOON,3,64,315000,63,10
SERANGOON,3,73,320000,58,7
SERANGOON,3,67,320000,65,7
SERANGOON,3,64,338000,66,4
SERANGOON,3,64,393000,66,10
SERANGOON,4,91,330000,65,7
SERANGOON,4,86,342000,67,4
SERANGOON,4,95,355000,65,4
SERANGOON,4,105,390000,70,7
SERANGOON,4,103,400000,73,1
SERANGOON,4,84,410000,66,4
SERANGOON,4,92,433000,66,4
SERANGOON,4,84,468000,66,1
SERANGOON,4,91,470000,65,10
SERANGOON,4,91,470000,65,10
SERANGOON,4,93,490000,65,7
SERANGOON,4,104,500000,66,4
SERANGOON,4,84,510000,66,10
SERANGOON,4,103,520000,69,7
SERANGOON,4,84,526000,67,10
SERANGOON,4,104,588000,66,4
SERANGOON,4,95,600000,69,10
SERANGOON,4,100,608000,79,4
SERANGOON,4,103,618000,66,4
SERANGOON,4,106,640000,69,10
SERANGOON,5,119,450000,78,1
SERANGOON,5,119,465800,78,1
SERANGOON,5,121,471000,78,1
SERANGOON,5,122,471000,73,1
SERANGOON,5,122,480000,73,7
SERANGOON,5,124,515000,73,10
SERANGOON,5,121,522000,78,7
SERANGOON,5,121,550000,65,1
SERANGOON,6,149,610000,73,7
SERANGOON,6,147,615000,73,1
SERANGOON,6,147,655000,73,7
SERANGOON,6,149,668000,73,10
SERANGOON,6,150,685000,66,10
SERANGOON,6,146,715000,73,7
SERANGOON,6,150,740000,66,4
SERANGOON,6,149,838000,69,4
SERANGOON,6,146,890000,69,4
SERANGOON,6,140,950000,78,16
SERANGOON,3,64,335000,58,13
SERANGOON,3,64,305000,63,4
SERANGOON,3,60,263000,65,1
SERANGOON,3,60,370000,65,10
SERANGOON,3,60,300000,65,4
SERANGOON,3,67,301000,66,7
SERANGOON,3,71,305000,65,4
SERANGOON,3,72,255000,65,1
SERANGOON,4,98,478000,58,4
SERANGOON,4,105,652888,69,7
SERANGOON,4,91,465000,66,4
SERANGOON,4,84,415000,65,4
SERANGOON,4,84,425000,65,7
SERANGOON,4,84,525000,66,10
SERANGOON,4,104,610000,66,1
SERANGOON,4,94,481000,65,7
SERANGOON,4,91,480000,65,13
SERANGOON,4,88,500000,66,4
SERANGOON,4,89,520000,66,4
SERANGOON,4,83,295000,67,1
SERANGOON,4,99,350000,66,4
SERANGOON,4,93,338800,65,1
SERANGOON,4,103,420000,69,4
SERANGOON,4,107,395000,69,4
SERANGOON,4,100,365000,78,1
SERANGOON,4,110,390000,73,1
SERANGOON,4,104,391000,73,10
SERANGOON,5,125,650000,65,10
SERANGOON,5,121,398000,66,1
SERANGOON,5,122,528000,73,7
SERANGOON,5,120,525000,77,1
SERANGOON,5,120,476000,77,1
SERANGOON,5,127,488000,73,7
SERANGOON,5,124,486000,73,4
SERANGOON,6,146,890000,66,10
SERANGOON,6,140,960000,78,4
SERANGOON,6,147,685000,73,10
SERANGOON,6,147,655000,73,4
SERANGOON,6,145,738000,73,13
SERANGOON,6,145,656888,73,7
SERANGOON,3,64,358000,58,10
SERANGOON,3,64,355000,58,4
SERANGOON,3,73,338888,58,7
SERANGOON,3,60,293000,65,4
SERANGOON,3,67,298000,65,4
SERANGOON,3,70,320000,66,1
SERANGOON,4,105,660000,69,10
SERANGOON,4,95,480000,65,7
SERANGOON,4,91,420000,65,4
SERANGOON,4,105,635000,69,10
SERANGOON,4,94,550000,69,4
SERANGOON,4,103,580000,69,7
SERANGOON,4,83,515000,66,10
SERANGOON,4,99,625000,79,1
SERANGOON,4,91,375000,66,10
SERANGOON,4,91,380000,65,13
SERANGOON,4,91,335000,66,10
SERANGOON,4,83,366000,68,1
SERANGOON,4,91,320000,65,7
SERANGOON,5,122,480000,68,10
SERANGOON,5,121,485000,66,10
SERANGOON,5,121,472000,65,7
SERANGOON,5,121,520000,70,7
SERANGOON,5,127,500000,70,1
SERANGOON,5,120,490000,78,7
SERANGOON,5,119,490000,77,1
SERANGOON,5,120,455000,77,4
SERANGOON,5,120,558888,77,10
SERANGOON,6,140,935000,78,10
SERANGOON,6,146,860000,66,10
SERANGOON,6,146,865000,69,7
SERANGOON,6,149,830000,69,1
SERANGOON,6,148,668000,66,4
SERANGOON,6,140,700000,78,7
SERANGOON,6,147,630000,73,1
SERANGOON,6,149,657000,73,4
SERANGOON,6,149,638000,73,1
SERANGOON,6,147,633000,73,1
SERANGOON,6,150,735000,73,7
SERANGOON,2,44,200000,58,1
SERANGOON,3,64,318000,63,10
SERANGOON,3,64,318888,63,4
SERANGOON,3,64,252000,58,4
SERANGOON,3,67,323000,65,7
SERANGOON,3,64,378000,66,4
SERANGOON,3,60,265000,64,10
SERANGOON,4,84,515000,65,10
SERANGOON,4,84,520000,66,10
SERANGOON,4,84,550000,67,10
SERANGOON,4,84,545000,66,7
SERANGOON,4,84,540000,66,7
SERANGOON,4,94,480000,65,10
SERANGOON,4,96,407000,65,7
SERANGOON,4,83,480000,66,10
SERANGOON,4,91,315000,66,1
SERANGOON,4,91,350000,65,7
SERANGOON,4,91,378000,66,10
SERANGOON,4,91,330000,66,1
SERANGOON,4,92,335000,65,1
SERANGOON,4,100,400000,78,7
SERANGOON,4,100,388888,78,4
SERANGOON,4,104,416000,72,7
SERANGOON,4,103,380000,72,4
SERANGOON,4,104,370000,72,4
SERANGOON,4,104,400000,72,10
SERANGOON,4,103,450000,73,10
SERANGOON,5,123,650000,65,10
SERANGOON,5,122,670000,66,4
SERANGOON,5,121,740000,65,10
SERANGOON,5,121,633000,69,1
SERANGOON,5,115,788000,79,10
SERANGOON,5,119,528000,78,16
SERANGOON,5,124,523000,72,7
SERANGOON,5,122,490000,72,4
SERANGOON,5,124,508000,72,7
SERANGOON,6,156,880000,65,1
SERANGOON,6,146,673000,66,1
SERANGOON,6,151,680000,67,1
SERANGOON,6,151,660000,67,1
SERANGOON,6,153,700000,72,4
SERANGOON,6,146,725000,72,10
SERANGOON,6,149,678000,72,4
SERANGOON,6,146,720000,72,10
SERANGOON,6,147,600000,72,1
SERANGOON,6,149,710000,73,10
SERANGOON,6,156,718000,73,7
SERANGOON,6,147,642888,73,1
SERANGOON,3,73,330000,58,1
SERANGOON,3,82,360000,65,1
SERANGOON,3,64,375000,66,1
SERANGOON,3,64,338000,66,4
SERANGOON,3,67,288000,65,4
SERANGOON,3,64,378000,66,4
SERANGOON,3,60,230000,64,1
SERANGOON,3,63,257000,66,1
SERANGOON,4,98,440000,58,10
SERANGOON,4,91,475000,65,4
SERANGOON,4,95,390000,65,1
SERANGOON,4,84,498000,66,1
SERANGOON,4,84,472000,66,4
SERANGOON,4,84,346000,66,1
SERANGOON,4,93,470000,64,7
SERANGOON,4,91,465000,64,7
SERANGOON,4,103,628000,69,4
SERANGOON,4,91,345000,65,1
SERANGOON,4,103,406000,67,7
SERANGOON,4,93,400000,65,4
SERANGOON,4,100,368000,77,1
SERANGOON,4,104,335000,73,4
SERANGOON,4,102,378000,77,1
SERANGOON,5,121,560000,65,1
SERANGOON,5,122,675000,66,1
SERANGOON,5,115,748000,79,7
SERANGOON,5,121,488000,66,4
SERANGOON,5,123,455000,65,10
SERANGOON,5,119,428000,78,1
SERANGOON,5,121,475000,77,1
SERANGOON,5,122,425000,73,1
SERANGOON,6,150,878000,66,7
SERANGOON,6,146,850000,66,10
SERANGOON,6,146,905000,69,10
SERANGOON,2,44,202000,58,1
SERANGOON,3,64,330000,58,10
SERANGOON,3,67,298000,65,4
SERANGOON,3,67,300000,65,7
SERANGOON,3,67,290000,65,1
SERANGOON,3,64,325000,66,4
SERANGOON,3,75,280000,65,1
SERANGOON,3,63,250000,66,1
SERANGOON,4,105,450000,69,1
SERANGOON,4,84,545000,66,10
SERANGOON,4,103,595000,66,4
SERANGOON,4,91,520000,64,13
SERANGOON,4,92,395000,65,1
SERANGOON,4,96,460000,65,1
SERANGOON,4,105,658000,69,7
SERANGOON,4,111,668000,69,4
SERANGOON,4,83,355000,66,4
SERANGOON,4,104,416000,72,7
SERANGOON,4,103,407000,72,7
SERANGOON,4,104,353000,72,4
SERANGOON,5,121,650000,65,10
SERANGOON,5,122,715000,67,4
SERANGOON,5,115,700000,79,10
SERANGOON,5,115,750000,79,4
SERANGOON,5,124,430000,73,1
SERANGOON,5,122,508000,72,7
SERANGOON,6,141,960000,78,10
SERANGOON,6,150,650000,65,1
SERANGOON,6,152,620000,72,1
SERANGOON,6,149,634000,72,1
SERANGOON,5,119,528000,78,13
SERANGOON,2,44,215000,58,7
SERANGOON,3,64,340000,58,13
SERANGOON,3,67,270000,65,4
SERANGOON,3,64,360000,68,4
SERANGOON,3,70,250000,65,4
SERANGOON,3,72,300000,64,1
SERANGOON,3,69,265000,65,10
SERANGOON,4,95,455000,65,4
SERANGOON,4,105,550000,65,7
SERANGOON,4,84,512000,67,1
SERANGOON,4,99,422000,65,1
SERANGOON,4,98,485000,65,4
SERANGOON,4,105,635000,69,10
SERANGOON,4,105,640000,69,7
SERANGOON,4,83,486000,65,7
SERANGOON,4,93,300000,65,4
SERANGOON,4,91,300000,66,4
SERANGOON,4,109,425000,69,10
SERANGOON,4,105,412000,69,10
SERANGOON,4,100,390000,77,1
SERANGOON,4,103,383000,72,10
SERANGOON,5,121,720000,69,13
SERANGOON,5,122,730000,66,7
SERANGOON,5,115,640000,79,1
SERANGOON,5,115,770000,79,10
SERANGOON,5,121,495000,78,1
SERANGOON,5,119,515000,78,7
SERANGOON,5,119,550000,78,10
SERANGOON,5,124,465000,72,1
SERANGOON,5,120,531000,77,10
SERANGOON,6,140,940000,78,4
SERANGOON,6,146,856000,69,7
SERANGOON,6,148,640000,65,7
SERANGOON,6,149,585000,72,1
SERANGOON,6,149,630000,72,1
SERANGOON,3,60,335000,65,10
SERANGOON,3,64,345000,65,4
SERANGOON,3,64,244500,66,4
SERANGOON,3,67,270000,64,1
SERANGOON,4,84,575000,67,10
SERANGOON,4,84,421000,65,7
SERANGOON,4,91,475000,64,10
SERANGOON,4,93,501000,64,10
SERANGOON,4,84,445000,66,4
SERANGOON,4,100,575000,79,7
SERANGOON,4,99,650000,79,10
SERANGOON,4,83,360000,66,4
SERANGOON,4,101,368000,77,1
SERANGOON,4,106,438000,72,7
SERANGOON,4,101,418000,77,7
SERANGOON,4,106,330000,72,1
SERANGOON,5,121,745000,69,7
SERANGOON,5,122,450000,66,4
SERANGOON,5,121,535000,77,10
SERANGOON,6,147,628000,72,4
SERANGOON,6,150,730888,72,10
SERANGOON,6,149,675000,72,4
SERANGOON,3,64,310000,58,10
SERANGOON,3,64,312000,63,4
SERANGOON,3,64,335000,65,4
SERANGOON,3,64,335000,65,1
SERANGOON,3,60,343000,65,10
SERANGOON,3,67,305000,64,7
SERANGOON,3,67,310000,65,1
SERANGOON,3,64,430000,65,10
SERANGOON,3,64,360000,68,4
SERANGOON,3,70,269888,65,4
SERANGOON,3,70,285000,65,10
SERANGOON,3,64,265000,68,7
SERANGOON,4,105,575000,68,1
SERANGOON,4,111,663000,68,1
SERANGOON,4,103,470000,68,4
SERANGOON,4,84,562000,66,10
SERANGOON,4,93,475000,65,7
SERANGOON,4,100,590000,79,10
SERANGOON,4,103,415000,67,10
SERANGOON,4,91,340000,65,1
SERANGOON,4,103,418000,67,7
SERANGOON,4,105,410000,69,7
SERANGOON,4,100,408888,77,4
SERANGOON,4,103,380000,72,7
SERANGOON,4,104,388888,72,10
SERANGOON,4,104,450000,72,4
SERANGOON,4,101,400000,77,4
SERANGOON,4,104,369000,72,1
SERANGOON,5,121,755000,68,10
SERANGOON,5,122,660000,66,10
SERANGOON,5,122,710000,65,4
SERANGOON,5,121,490000,66,10
SERANGOON,5,119,530000,77,4
SERANGOON,5,120,468000,77,1
SERANGOON,5,125,465000,72,1
SERANGOON,6,156,842500,64,1
SERANGOON,6,149,750000,65,1
SERANGOON,6,148,640000,65,4
SERANGOON,3,64,310000,58,10
SERANGOON,3,64,250000,58,1
SERANGOON,3,60,350000,65,10
SERANGOON,3,69,300000,64,4
SERANGOON,3,67,295000,64,1
SERANGOON,3,67,318000,65,10
SERANGOON,3,67,292000,64,4
SERANGOON,3,64,360000,68,4
SERANGOON,3,64,255000,66,4
SERANGOON,3,67,270000,64,4
SERANGOON,3,67,262000,64,1
SERANGOON,3,64,248000,66,4
SERANGOON,4,113,670000,68,7
SERANGOON,4,103,612000,68,4
SERANGOON,4,103,560000,68,7
SERANGOON,4,89,520000,65,10
SERANGOON,4,84,475000,66,1
SERANGOON,4,84,515000,65,10
SERANGOON,4,84,492000,65,10
SERANGOON,4,104,593000,66,10
SERANGOON,4,94,432000,64,7
SERANGOON,4,94,439888,64,4
SERANGOON,4,84,410000,65,1
SERANGOON,4,105,543000,69,1
SERANGOON,4,103,380000,69,7
SERANGOON,4,104,388000,72,4
SERANGOON,4,104,391000,72,4
SERANGOON,4,104,410000,72,10
SERANGOON,5,121,600000,65,10
SERANGOON,5,123,680000,69,10
SERANGOON,5,121,478888,77,1
SERANGOON,5,122,510000,72,10
SERANGOON,6,140,858000,78,4
SERANGOON,6,146,865000,69,4
SERANGOON,6,149,898000,69,10
SERANGOON,6,146,858000,69,4
SERANGOON,6,146,600000,66,1
SERANGOON,6,149,635000,72,7
SERANGOON,6,146,640000,72,1
SERANGOON,6,147,660000,72,7
SERANGOON,2,44,200000,58,10
SERANGOON,3,64,340000,65,4
SERANGOON,3,64,385000,68,4
SERANGOON,3,72,266000,64,1
SERANGOON,3,71,268000,64,1
SERANGOON,4,89,528000,65,10
SERANGOON,4,99,355000,65,1
SERANGOON,4,84,550000,65,10
SERANGOON,4,84,412000,65,4
SERANGOON,4,91,470000,64,10
SERANGOON,4,94,403000,65,1
SERANGOON,4,91,450000,64,4
SERANGOON,4,91,452000,64,10
SERANGOON,4,105,640000,68,10
SERANGOON,4,105,655000,68,7
SERANGOON,4,83,340000,67,10
SERANGOON,4,91,340000,65,4
SERANGOON,4,91,330000,65,13
SERANGOON,4,103,415000,67,10
SERANGOON,4,102,405000,77,7
SERANGOON,4,103,373000,72,1
SERANGOON,4,104,372000,72,1
SERANGOON,4,100,418888,77,4
SERANGOON,5,121,650000,66,1
SERANGOON,5,121,630000,68,1
SERANGOON,5,115,685000,79,4
SERANGOON,5,121,494400,69,1
SERANGOON,6,145,738000,65,1
SERANGOON,6,146,620000,66,1
SERANGOON,6,150,600000,65,1
SERANGOON,6,146,725000,72,13
SERANGOON,3,64,301000,58,10
SERANGOON,3,73,390000,57,13
SERANGOON,3,69,368888,64,10
SERANGOON,3,60,350000,64,7
SERANGOON,3,69,347000,64,7
SERANGOON,3,67,295000,64,4
SERANGOON,3,64,428000,65,7
SERANGOON,3,60,265000,64,10
SERANGOON,3,67,286000,64,4
SERANGOON,3,60,250000,64,4
SERANGOON,4,84,505000,65,10
SERANGOON,4,91,468000,64,4
SERANGOON,4,96,400000,64,1
SERANGOON,4,94,403888,64,4
SERANGOON,4,109,620000,69,10
SERANGOON,4,105,635000,68,7
SERANGOON,4,83,350000,67,4
SERANGOON,4,93,340000,64,4
SERANGOON,4,91,358000,64,1
SERANGOON,4,100,355000,77,1
SERANGOON,4,104,378000,72,10
SERANGOON,4,103,395000,72,7
SERANGOON,4,103,395000,72,7
SERANGOON,5,121,700000,66,10
SERANGOON,5,121,695000,65,7
SERANGOON,5,121,700000,68,7
SERANGOON,5,121,470000,65,4
SERANGOON,5,121,510000,76,4
SERANGOON,6,140,979000,78,13
SERANGOON,6,146,850000,65,4
SERANGOON,6,150,680000,65,10
SERANGOON,6,147,688000,72,4
SERANGOON,6,147,640000,72,1
SERANGOON,6,156,668000,72,1
SERANGOON,3,64,308000,57,7
SERANGOON,3,64,347000,57,10
SERANGOON,3,64,300000,57,10
SERANGOON,3,60,330800,64,7
SERANGOON,3,60,315000,64,7
SERANGOON,3,67,283000,64,1
SERANGOON,3,64,364000,65,10
SERANGOON,3,64,343000,65,1
SERANGOON,3,64,240000,66,4
SERANGOON,3,60,260000,64,13
SERANGOON,3,67,275000,64,1
SERANGOON,4,104,595000,64,10
SERANGOON,4,95,422000,64,4
SERANGOON,4,104,575888,65,1
SERANGOON,4,84,510000,65,7
SERANGOON,4,89,430000,65,1
SERANGOON,4,89,468000,65,4
SERANGOON,4,104,570000,65,7
SERANGOON,4,103,600000,65,7
SERANGOON,4,91,460000,64,10
SERANGOON,4,84,500000,66,10
SERANGOON,4,111,655000,68,10
SERANGOON,4,105,570000,69,4
SERANGOON,4,93,500000,68,10
SERANGOON,4,98,388000,65,7
SERANGOON,4,93,342000,64,4
SERANGOON,4,91,358000,64,7
SERANGOON,4,101,360000,77,4
SERANGOON,4,101,385000,76,1
SERANGOON,4,104,397500,72,7
SERANGOON,4,103,410000,72,7
SERANGOON,4,103,365000,72,1
SERANGOON,5,144,770000,64,1
SERANGOON,5,121,433500,65,1
SERANGOON,5,121,490000,65,10
SERANGOON,5,125,465000,65,4
SERANGOON,5,121,545000,69,13
SERANGOON,5,120,580000,77,16
SERANGOON,5,119,565000,77,13
SERANGOON,5,122,445000,72,4
SERANGOON,5,120,505000,76,1
SERANGOON,5,122,520000,72,7
SERANGOON,5,122,522000,72,10
SERANGOON,6,147,920000,65,7
SERANGOON,6,146,880000,68,10
SERANGOON,6,150,682000,65,10
SERANGOON,6,146,708000,72,7
SERANGOON,6,146,622000,72,1
SERANGOON,3,64,330000,62,13
SERANGOON,3,64,332000,57,7
SERANGOON,3,60,298000,64,7
SERANGOON,3,70,335000,64,4
SERANGOON,3,64,350000,65,7
SERANGOON,3,70,280000,64,7
SERANGOON,4,113,560000,68,7
SERANGOON,4,103,540000,68,10
SERANGOON,4,104,468000,64,7
SERANGOON,4,84,485000,64,4
SERANGOON,4,91,438000,65,1
SERANGOON,4,84,546000,66,4
SERANGOON,4,84,480000,65,1
SERANGOON,4,104,614500,65,10
SERANGOON,4,96,448000,64,7
SERANGOON,4,93,435000,64,4
SERANGOON,4,100,505000,78,1
SERANGOON,4,83,365000,66,10
SERANGOON,4,91,324000,64,1
SERANGOON,4,103,399000,72,7
SERANGOON,4,103,390000,72,4
SERANGOON,5,122,650000,66,1
SERANGOON,5,121,638000,64,7
SERANGOON,5,121,600008,68,1
SERANGOON,5,121,450000,65,7
SERANGOON,5,127,570000,69,13
SERANGOON,5,126,460000,72,7
SERANGOON,6,155,700000,65,10
SERANGOON,6,144,660000,77,4
SERANGOON,6,146,615000,72,1
SERANGOON,6,147,660000,72,4
SERANGOON,3,64,315000,57,7
SERANGOON,3,60,255000,64,13
SERANGOON,3,64,253000,66,1
SERANGOON,4,84,495000,65,10
SERANGOON,4,103,635000,65,10
SERANGOON,4,104,638000,65,10
SERANGOON,4,84,390000,65,4
SERANGOON,4,84,518000,66,1
SERANGOON,4,100,475000,78,4
SERANGOON,4,100,605000,78,13
SERANGOON,4,91,325000,64,1
SERANGOON,4,91,375000,64,13
SERANGOON,4,91,342000,64,4
SERANGOON,4,98,420000,64,1
SERANGOON,4,113,427000,68,4
SERANGOON,4,103,378000,68,4
SERANGOON,5,146,780000,62,7
SERANGOON,5,121,758000,68,7
SERANGOON,5,121,650000,64,7
SERANGOON,5,121,650000,64,7
SERANGOON,5,122,475000,72,4
SERANGOON,5,121,488000,76,4
SERANGOON,6,149,878000,68,7
SERANGOON,6,150,642000,65,1
SERANGOON,6,148,640000,65,4
SERANGOON,6,149,612000,72,4
SERANGOON,3,64,328000,57,10
SERANGOON,3,64,300000,62,4
SERANGOON,3,60,315000,64,10
SERANGOON,3,60,308000,64,7
SERANGOON,3,69,385000,64,10
SERANGOON,3,67,269888,64,10
SERANGOON,3,67,250000,64,7
SERANGOON,3,64,396800,65,7
SERANGOON,3,64,360000,67,4
SERANGOON,3,60,240000,64,1
SERANGOON,3,67,240000,64,1
SERANGOON,3,67,240000,64,1
SERANGOON,3,60,263000,64,10
SERANGOON,4,103,645000,68,7
SERANGOON,4,95,445000,64,7
SERANGOON,4,98,470000,64,10
SERANGOON,4,103,615000,65,10
SERANGOON,4,84,485000,65,4
SERANGOON,4,89,440000,65,1
SERANGOON,4,89,475000,65,1
SERANGOON,4,105,568000,64,4
SERANGOON,4,84,560000,65,10
SERANGOON,4,103,638000,65,10
SERANGOON,4,91,410000,63,7
SERANGOON,4,91,447000,63,10
SERANGOON,4,91,460000,64,7
SERANGOON,4,92,405000,64,1
SERANGOON,4,105,620000,68,4
SERANGOON,4,103,606888,66,10
SERANGOON,4,83,330000,66,4
SERANGOON,4,100,369000,77,1
SERANGOON,4,103,350000,71,4
SERANGOON,4,100,398000,76,4
SERANGOON,4,100,400000,76,7
SERANGOON,4,104,425000,71,10
SERANGOON,5,121,640000,64,13
SERANGOON,5,121,630250,64,4
SERANGOON,5,123,690000,68,7
SERANGOON,5,123,462500,65,4
SERANGOON,5,123,490000,64,7
SERANGOON,5,122,512000,71,7
SERANGOON,5,124,538000,71,10
SERANGOON,5,120,510000,76,4
SERANGOON,6,149,780000,64,1
SERANGOON,6,150,870000,65,1
SERANGOON,6,146,700000,65,1
SERANGOON,6,146,888000,65,10
SERANGOON,6,146,870000,68,4
SERANGOON,6,147,740000,71,1
SERANGOON,6,147,660000,71,7
SERANGOON,3,69,350000,64,7
SERANGOON,3,73,330000,64,1
SERANGOON,3,67,305000,64,10
SERANGOON,3,71,320000,64,4
SERANGOON,3,76,290000,63,1
SERANGOON,3,64,255000,65,4
SERANGOON,3,64,268000,65,4
SERANGOON,4,89,517000,65,4
SERANGOON,4,84,481000,64,4
SERANGOON,4,94,405000,64,4
SERANGOON,4,93,445000,63,4
SERANGOON,4,96,425000,64,7
SERANGOON,4,88,510000,64,4
SERANGOON,4,89,465000,64,4
SERANGOON,4,96,382000,64,13
SERANGOON,4,93,370000,64,4
SERANGOON,4,103,390000,68,10
SERANGOON,4,103,389000,71,4
SERANGOON,4,103,445000,72,7
SERANGOON,4,106,356000,72,4
SERANGOON,4,110,395000,71,10
SERANGOON,5,121,650000,64,10
SERANGOON,5,121,630000,64,13
SERANGOON,5,121,740000,68,7
SERANGOON,5,125,485000,72,4
SERANGOON,5,122,498000,72,7
SERANGOON,5,125,487000,72,4
SERANGOON,5,124,488000,72,7
SERANGOON,5,121,445000,72,1
SERANGOON,5,122,525000,72,7
SERANGOON,6,141,860000,77,4
SERANGOON,6,150,875000,65,7
SERANGOON,6,154,950000,68,10
SERANGOON,6,150,658000,65,10
SERANGOON,6,147,700000,72,1
SERANGOON,6,147,630000,72,1
SERANGOON,6,145,620000,72,1
SERANGOON,6,149,700000,72,10
SERANGOON,3,73,335000,57,1
SERANGOON,3,73,330000,57,4
SERANGOON,3,60,270000,64,1
SERANGOON,3,64,388888,65,7
SERANGOON,3,67,297888,64,7
SERANGOON,3,64,265000,66,1
SERANGOON,3,64,252500,67,1
SERANGOON,4,91,450000,64,4
SERANGOON,4,95,378000,64,1
SERANGOON,4,93,470888,64,4
SERANGOON,4,95,486000,64,7
SERANGOON,4,90,520000,64,7
SERANGOON,4,104,500000,65,1
SERANGOON,4,91,420000,63,1
SERANGOON,4,88,458000,65,1
SERANGOON,4,89,455000,64,1
SERANGOON,4,100,480000,78,1
SERANGOON,4,93,370000,64,4
SERANGOON,4,83,343000,65,1
SERANGOON,4,86,308000,65,1
SERANGOON,4,91,330000,64,10
SERANGOON,4,104,440000,68,7
SERANGOON,4,100,435000,77,7
SERANGOON,4,101,370000,77,4
SERANGOON,4,100,380000,76,4
SERANGOON,4,104,351000,71,1
SERANGOON,4,104,410000,71,7
SERANGOON,4,104,400000,71,13
SERANGOON,5,122,688000,65,10
SERANGOON,5,123,640000,64,4
SERANGOON,5,122,690000,65,1
SERANGOON,5,121,638000,68,1
SERANGOON,5,115,775000,78,10
SERANGOON,5,115,700000,78,4
SERANGOON,5,115,748000,78,10
SERANGOON,5,125,483000,64,7
SERANGOON,5,119,558000,76,7
SERANGOON,5,122,465000,71,4
SERANGOON,5,124,477000,71,1
SERANGOON,6,141,740000,77,1
SERANGOON,6,140,925000,77,7
SERANGOON,6,146,910000,68,10
SERANGOON,6,146,950000,68,10
SERANGOON,3,73,313000,57,10
SERANGOON,3,64,310000,57,7
SERANGOON,3,60,333000,64,10
SERANGOON,3,67,310000,64,7
SERANGOON,3,64,360000,64,7
SERANGOON,3,64,350000,67,1
SERANGOON,3,76,302888,63,1
SERANGOON,4,105,630000,68,7
SERANGOON,4,106,628000,68,10
SERANGOON,4,91,420000,64,4
SERANGOON,4,93,482000,64,4
SERANGOON,4,84,530000,65,4
SERANGOON,4,84,530000,65,4
SERANGOON,4,92,403000,64,1
SERANGOON,4,105,515000,63,4
SERANGOON,4,96,415000,64,1
SERANGOON,4,91,388000,63,10
SERANGOON,4,83,470000,64,1
SERANGOON,4,84,485000,65,7
SERANGOON,4,91,365000,64,10
SERANGOON,4,83,345000,66,13
SERANGOON,4,83,331000,66,10
SERANGOON,4,103,450000,68,10
SERANGOON,4,100,402000,77,10
SERANGOON,4,106,385000,71,1
SERANGOON,5,121,580000,64,1
SERANGOON,5,123,600000,68,1
SERANGOON,5,121,490000,65,7
SERANGOON,5,128,515000,68,1
SERANGOON,5,119,540000,76,4
SERANGOON,6,140,800000,77,1
SERANGOON,6,149,600000,71,4
SERANGOON,6,148,710000,71,10
SERANGOON,3,67,296000,64,4
SERANGOON,3,67,260000,64,1
SERANGOON,3,64,309500,64,1
SERANGOON,3,64,355000,67,1
SERANGOON,3,70,290000,63,7
SERANGOON,3,60,235000,63,4
SERANGOON,3,70,303000,63,10
SERANGOON,4,84,500000,64,10
SERANGOON,4,84,515000,66,1
SERANGOON,4,96,438000,63,7
SERANGOON,4,103,610000,68,10
SERANGOON,4,93,341600,64,10
SERANGOON,4,91,348888,64,13
SERANGOON,4,103,395000,66,1
SERANGOON,4,113,450000,68,10
SERANGOON,4,100,400000,76,10
SERANGOON,4,100,368000,76,4
SERANGOON,4,102,390000,76,1
SERANGOON,4,103,360000,71,4
SERANGOON,4,103,382000,71,4
SERANGOON,4,104,378888,71,4
SERANGOON,4,103,385000,71,4
SERANGOON,5,122,720000,65,4
SERANGOON,5,121,469000,64,4
SERANGOON,5,122,520000,71,10
SERANGOON,6,150,868000,65,7
SERANGOON,6,150,640000,64,7
SERANGOON,6,150,708000,64,10
SERANGOON,6,147,670000,71,4
SERANGOON,3,64,360000,65,4
SERANGOON,3,64,360000,64,1
SERANGOON,3,70,245000,63,1
SERANGOON,4,98,445000,57,7
SERANGOON,4,104,595888,67,1
SERANGOON,4,105,600000,67,10
SERANGOON,4,89,490000,64,1
SERANGOON,4,93,467000,64,1
SERANGOON,4,95,470000,64,13
SERANGOON,4,84,495000,64,10
SERANGOON,4,84,413000,64,7
SERANGOON,4,91,440000,64,7
SERANGOON,4,98,345000,64,7
SERANGOON,4,113,455000,68,10
SERANGOON,4,100,363000,76,1
SERANGOON,4,102,380000,76,1
SERANGOON,5,121,668000,68,4
SERANGOON,5,123,573800,68,1
SERANGOON,5,121,465000,76,1
SERANGOON,5,121,550000,76,10
SERANGOON,5,124,535000,71,10
SERANGOON,5,122,528000,71,10
SERANGOON,5,122,450000,71,4
SERANGOON,6,146,800000,64,4
SERANGOON,6,151,788000,64,7
SERANGOON,6,151,865000,64,10
SERANGOON,6,148,612000,64,10
SERANGOON,6,140,720000,76,13
SERANGOON,6,143,640000,76,4
SERANGOON,6,147,638000,71,1
SERANGOON,6,146,620000,71,1
SERANGOON,3,67,315000,64,10
SERANGOON,3,64,400000,64,7
SERANGOON,3,60,215000,63,1
SERANGOON,4,84,508000,64,7
SERANGOON,4,84,550000,64,7
SERANGOON,4,96,410000,63,4
SERANGOON,4,105,618000,68,7
SERANGOON,4,100,410000,76,10
SERANGOON,4,104,387000,71,4
SERANGOON,4,104,615000,64,10
SERANGOON,6,148,685000,71,10
SERANGOON,3,60,316000,63,10
SERANGOON,3,72,283000,63,1
SERANGOON,3,67,338000,63,4
SERANGOON,3,64,325000,64,1
SERANGOON,3,64,255000,65,4
SERANGOON,4,103,638000,67,7
SERANGOON,4,93,515000,67,4
SERANGOON,4,95,455000,64,4
SERANGOON,4,95,485000,64,4
SERANGOON,4,105,507000,64,4
SERANGOON,4,84,545000,65,10
SERANGOON,4,103,556000,65,4
SERANGOON,4,84,557000,65,10
SERANGOON,4,91,450000,63,10
SERANGOON,4,92,458000,64,10
SERANGOON,4,105,530000,67,1
SERANGOON,4,103,520000,68,10
SERANGOON,4,113,699000,67,7
SERANGOON,4,91,365000,64,4
SERANGOON,4,93,317000,64,1
SERANGOON,4,103,390000,68,4
SERANGOON,4,101,370000,76,7
SERANGOON,4,103,365000,71,1
SERANGOON,4,100,400000,76,7
SERANGOON,4,100,410000,76,10
SERANGOON,4,104,373688,71,1
SERANGOON,4,104,370000,71,4
SERANGOON,5,121,658000,64,7
SERANGOON,5,121,684000,64,13
SERANGOON,5,121,465000,64,4
SERANGOON,5,122,525000,68,4
SERANGOON,5,120,548000,76,7
SERANGOON,5,122,458000,71,1
SERANGOON,6,149,808888,64,4
SERANGOON,6,146,820000,64,4
SERANGOON,6,146,628888,65,1
SERANGOON,6,147,700000,71,13
SERANGOON,6,147,688888,71,4
SERANGOON,6,146,690000,71,4
SERANGOON,6,145,695000,71,10
SERANGOON,6,146,630000,71,4
SERANGOON,6,147,688888,71,4
SERANGOON,3,64,300000,56,7
SERANGOON,3,64,335000,56,13
SERANGOON,3,60,328000,63,10
SERANGOON,3,60,266000,63,4
SERANGOON,3,67,283500,63,7
SERANGOON,3,67,295000,63,1
SERANGOON,3,70,290000,63,4
SERANGOON,3,60,270000,63,13
SERANGOON,3,64,255000,65,1
SERANGOON,4,93,456000,63,7
SERANGOON,4,95,459000,63,7
SERANGOON,4,84,425000,64,10
SERANGOON,4,84,555000,65,10
SERANGOON,4,84,470000,64,10
SERANGOON,4,108,592000,67,4
SERANGOON,4,111,660000,67,4
SERANGOON,4,88,518000,64,7
SERANGOON,4,98,365000,64,4
SERANGOON,4,91,330000,64,4
SERANGOON,4,91,338000,64,4
SERANGOON,4,103,440000,67,7
SERANGOON,4,100,412000,76,13
SERANGOON,4,100,350000,76,1
SERANGOON,4,103,396000,71,7
SERANGOON,4,104,395000,71,10
SERANGOON,5,125,646000,63,13
SERANGOON,5,121,730000,67,4
SERANGOON,5,121,490000,64,10
SERANGOON,5,123,496000,64,7
SERANGOON,5,120,518000,76,10
SERANGOON,5,124,520000,71,13
SERANGOON,5,122,515000,71,10
SERANGOON,6,149,800000,63,7
SERANGOON,6,140,720000,76,10
SERANGOON,6,147,665000,71,1
SERANGOON,3,64,365000,64,4
SERANGOON,3,73,340000,61,4
SERANGOON,3,70,370000,63,10
SERANGOON,3,71,280000,63,1
SERANGOON,3,67,330000,63,7
SERANGOON,3,64,295000,64,1
SERANGOON,3,64,362000,64,10
SERANGOON,3,64,343000,64,1
SERANGOON,3,64,380000,64,7
SERANGOON,3,64,350000,64,4
SERANGOON,3,64,326000,64,1
SERANGOON,3,60,238000,63,4
SERANGOON,4,103,610800,67,7
SERANGOON,4,103,578000,67,4
SERANGOON,4,95,448888,64,1
SERANGOON,4,84,540000,64,4
SERANGOON,4,84,492500,64,7
SERANGOON,4,84,530000,64,4
SERANGOON,4,92,428000,63,7
SERANGOON,4,91,460000,63,10
SERANGOON,4,113,645000,67,13
SERANGOON,4,105,610000,67,4
SERANGOON,4,99,505000,77,4
SERANGOON,4,84,335000,65,4
SERANGOON,4,111,402500,64,13
SERANGOON,4,91,355000,63,7
SERANGOON,4,93,338000,63,4
SERANGOON,4,83,360000,66,13
SERANGOON,4,91,365000,63,4
SERANGOON,4,100,408000,76,13
SERANGOON,4,100,407000,76,13
SERANGOON,4,100,392000,76,4
SERANGOON,4,103,385000,71,4
SERANGOON,5,125,660000,63,7
SERANGOON,5,121,670000,64,4
SERANGOON,5,115,700000,77,4
SERANGOON,5,115,708000,77,4
SERANGOON,5,121,510000,76,1
SERANGOON,5,122,465000,71,4
SERANGOON,5,122,455000,71,1
SERANGOON,5,124,465000,71,1
SERANGOON,6,150,840000,64,1
SERANGOON,6,146,765000,64,4
SERANGOON,6,146,960000,67,7
SERANGOON,6,146,840000,67,7
SERANGOON,6,155,605000,64,1
SERANGOON,6,145,640000,71,7
SERANGOON,6,149,710000,71,4
SERANGOON,6,147,650800,71,4
