town,flat_type,floor_area_sqm,resale_price,remaining_lease,storey_range
TOA PAYOH,3,65,300000,64,1
TOA PAYOH,2,43,228500,49,7
TOA PAYOH,3,66,268000,52,10
TOA PAYOH,3,64,283000,51,1
TOA PAYOH,3,65,285000,54,1
TOA PAYOH,3,66,285000,52,4
TOA PAYOH,3,66,295000,52,7
TOA PAYOH,3,67,298000,52,4
TOA PAYOH,3,67,298000,53,4
TOA PAYOH,3,67,300000,66,7
TOA PAYOH,3,67,303000,52,10
TOA PAYOH,3,65,304000,49,1
TOA PAYOH,3,65,304000,58,4
TOA PAYOH,3,65,308000,64,10
TOA PAYOH,3,68,310000,52,7
TOA PAYOH,3,67,318000,52,7
TOA PAYOH,3,68,326500,50,7
TOA PAYOH,3,74,340000,66,1
TOA PAYOH,3,74,343000,66,1
TOA PAYOH,3,67,360000,53,7
TOA PAYOH,3,74,390000,66,10
TOA PAYOH,4,103,460000,66,4
TOA PAYOH,4,91,500000,84,1
TOA PAYOH,4,103,650000,79,4
TOA PAYOH,4,101,675888,84,22
TOA PAYOH,4,91,680000,84,10
TOA PAYOH,4,91,686000,88,10
TOA PAYOH,4,75,700000,91,37
TOA PAYOH,4,91,748000,91,16
TOA PAYOH,5,117,550000,58,19
TOA PAYOH,5,115,830000,83,7
TOA PAYOH,5,122,888000,79,22
TOA PAYOH,6,161,905000,66,1
TOA PAYOH,2,43,218000,65,4
TOA PAYOH,2,43,245000,65,10
TOA PAYOH,3,62,260000,54,4
TOA PAYOH,3,66,260000,52,4
TOA PAYOH,3,68,288000,50,4
TOA PAYOH,3,65,290000,50,7
TOA PAYOH,3,65,295000,54,7
TOA PAYOH,3,65,296000,49,7
TOA PAYOH,3,67,298000,66,1
TOA PAYOH,3,67,298000,66,13
TOA PAYOH,3,65,312000,58,4
TOA PAYOH,3,68,318000,50,16
TOA PAYOH,3,67,320000,66,10
TOA PAYOH,3,67,320000,52,7
TOA PAYOH,3,68,328800,51,10
TOA PAYOH,3,65,335000,50,4
TOA PAYOH,3,76,350000,58,7
TOA PAYOH,3,67,370000,53,7
TOA PAYOH,3,68,373000,53,19
TOA PAYOH,3,78,380000,53,19
TOA PAYOH,3,74,410000,66,10
TOA PAYOH,4,82,370000,58,7
TOA PAYOH,4,103,460000,66,10
TOA PAYOH,4,106,530000,66,4
TOA PAYOH,4,90,638000,84,13
TOA PAYOH,4,102,640000,79,16
TOA PAYOH,4,101,650000,80,4
TOA PAYOH,4,92,650000,91,10
TOA PAYOH,4,103,667800,79,4
TOA PAYOH,4,91,700000,87,19
TOA PAYOH,4,101,740000,81,22
TOA PAYOH,5,121,530000,70,1
TOA PAYOH,5,117,615000,58,22
TOA PAYOH,5,119,688000,79,4
TOA PAYOH,5,119,728888,79,7
TOA PAYOH,5,143,800000,66,1
TOA PAYOH,5,121,848888,80,7
TOA PAYOH,5,110,880000,91,16
TOA PAYOH,5,122,900000,79,22
TOA PAYOH,6,146,750000,68,7
TOA PAYOH,6,161,925000,66,1
TOA PAYOH,2,43,229000,65,10
TOA PAYOH,2,43,240000,65,7
TOA PAYOH,2,50,265000,65,16
TOA PAYOH,3,66,240000,55,1
TOA PAYOH,3,57,250000,50,7
TOA PAYOH,3,65,264000,58,1
TOA PAYOH,3,66,265000,55,7
TOA PAYOH,3,57,265000,50,10
TOA PAYOH,3,66,267000,55,10
TOA PAYOH,3,67,270000,55,10
TOA PAYOH,3,66,273500,55,7
TOA PAYOH,3,67,275000,52,1
TOA PAYOH,3,64,285000,50,1
TOA PAYOH,3,62,285000,54,7
TOA PAYOH,3,68,286888,51,7
TOA PAYOH,3,65,297000,49,4
TOA PAYOH,3,67,310000,51,10
TOA PAYOH,3,63,310000,51,7
TOA PAYOH,3,67,310000,52,4
TOA PAYOH,3,67,316000,66,10
TOA PAYOH,3,65,318000,49,7
TOA PAYOH,3,65,320000,50,4
TOA PAYOH,3,72,320000,54,4
TOA PAYOH,3,66,322000,55,4
TOA PAYOH,3,65,323000,55,10
TOA PAYOH,3,62,326000,54,10
TOA PAYOH,3,66,330000,51,4
TOA PAYOH,3,76,356888,53,4
TOA PAYOH,3,74,380000,66,1
TOA PAYOH,3,64,388000,80,4
TOA PAYOH,3,74,418000,66,10
TOA PAYOH,3,74,448000,66,10
TOA PAYOH,4,82,383000,58,16
TOA PAYOH,4,82,390000,56,16
TOA PAYOH,4,87,420000,55,13
TOA PAYOH,4,81,420000,55,7
TOA PAYOH,4,100,455000,66,4
TOA PAYOH,4,103,475000,66,4
TOA PAYOH,4,105,496000,77,1
TOA PAYOH,4,91,500000,91,1
TOA PAYOH,4,106,508888,71,7
TOA PAYOH,4,90,515000,84,4
TOA PAYOH,4,103,515000,66,1
TOA PAYOH,4,103,520000,80,1
TOA PAYOH,4,103,538000,77,4
TOA PAYOH,4,104,565000,66,13
TOA PAYOH,4,104,575000,66,7
TOA PAYOH,4,104,590000,66,7
TOA PAYOH,4,102,625000,79,13
TOA PAYOH,4,100,630000,83,4
TOA PAYOH,4,91,630000,91,4
TOA PAYOH,4,100,632000,81,4
TOA PAYOH,4,86,652000,82,13
TOA PAYOH,4,92,671000,91,4
TOA PAYOH,4,92,673999,87,4
TOA PAYOH,4,105,680000,79,10
TOA PAYOH,4,76,680000,91,34
TOA PAYOH,4,92,692000,91,4
TOA PAYOH,4,100,718000,82,28
TOA PAYOH,4,91,728000,87,22
TOA PAYOH,4,91,773000,91,34
TOA PAYOH,5,125,608000,70,7
TOA PAYOH,5,122,628000,79,4
TOA PAYOH,5,122,645000,70,7
TOA PAYOH,5,120,830000,81,25
TOA PAYOH,5,124,855000,82,1
TOA PAYOH,5,121,888000,80,19
TOA PAYOH,5,110,888888,87,16
TOA PAYOH,6,146,768000,68,4
TOA PAYOH,2,40,215000,65,1
TOA PAYOH,3,66,240000,55,7
TOA PAYOH,3,67,250000,55,7
TOA PAYOH,3,58,255000,50,1
TOA PAYOH,3,68,256000,51,10
TOA PAYOH,3,60,260000,49,1
TOA PAYOH,3,66,268000,55,10
TOA PAYOH,3,66,270000,52,7
TOA PAYOH,3,66,270000,52,4
TOA PAYOH,3,67,270000,52,4
TOA PAYOH,3,67,283000,66,1
TOA PAYOH,3,67,285000,52,10
TOA PAYOH,3,63,298000,51,4
TOA PAYOH,3,68,303000,51,1
TOA PAYOH,3,65,310000,49,4
TOA PAYOH,3,68,320000,51,13
TOA PAYOH,3,67,330000,54,1
TOA PAYOH,3,76,350000,55,10
TOA PAYOH,3,64,352000,80,1
TOA PAYOH,3,68,370000,53,22
TOA PAYOH,3,78,378188,53,16
TOA PAYOH,3,74,410000,66,10
TOA PAYOH,3,74,412000,66,4
TOA PAYOH,3,74,420000,66,4
TOA PAYOH,4,87,302000,55,1
TOA PAYOH,4,82,365000,57,13
TOA PAYOH,4,82,375000,57,10
TOA PAYOH,4,82,376000,58,10
TOA PAYOH,4,96,460000,66,4
TOA PAYOH,4,106,618000,80,13
TOA PAYOH,4,101,655000,81,7
TOA PAYOH,4,86,718000,87,25
TOA PAYOH,4,91,745000,87,28
TOA PAYOH,4,91,760000,87,37
TOA PAYOH,5,125,520000,70,1
TOA PAYOH,5,122,548000,70,1
TOA PAYOH,5,133,630000,76,10
TOA PAYOH,5,122,655188,70,7
TOA PAYOH,6,145,782000,68,4
TOA PAYOH,6,145,940888,74,10
TOA PAYOH,4,104,542000,77,1
TOA PAYOH,2,41,205000,53,4
TOA PAYOH,2,42,210000,49,7
TOA PAYOH,2,43,218000,49,7
TOA PAYOH,3,67,250000,52,1
TOA PAYOH,3,66,256000,52,4
TOA PAYOH,3,66,260000,52,4
TOA PAYOH,3,65,261000,58,4
TOA PAYOH,3,58,261000,50,1
TOA PAYOH,3,67,270000,51,1
TOA PAYOH,3,67,280000,51,4
TOA PAYOH,3,63,280000,65,7
TOA PAYOH,3,67,282500,66,4
TOA PAYOH,3,65,285000,58,7
TOA PAYOH,3,65,290000,54,4
TOA PAYOH,3,65,290000,49,4
TOA PAYOH,3,67,298000,51,10
TOA PAYOH,3,67,300000,51,7
TOA PAYOH,3,68,305000,51,7
TOA PAYOH,3,67,308000,66,7
TOA PAYOH,3,67,310000,66,7
TOA PAYOH,3,68,316800,51,10
TOA PAYOH,3,67,318000,53,1
TOA PAYOH,3,65,318000,54,10
TOA PAYOH,3,67,318000,52,16
TOA PAYOH,3,67,323000,51,4
TOA PAYOH,3,68,325000,51,13
TOA PAYOH,3,78,330800,51,13
TOA PAYOH,3,65,332000,50,10
TOA PAYOH,3,66,333000,51,7
TOA PAYOH,3,64,347000,54,4
TOA PAYOH,3,76,355000,63,10
TOA PAYOH,3,75,358000,66,4
TOA PAYOH,3,74,425000,66,7
TOA PAYOH,4,82,350000,57,1
TOA PAYOH,4,82,353000,58,16
TOA PAYOH,4,82,370000,58,7
TOA PAYOH,4,87,417000,55,4
TOA PAYOH,4,87,430000,55,4
TOA PAYOH,4,103,455000,65,10
TOA PAYOH,4,84,468000,56,4
TOA PAYOH,4,83,480000,80,1
TOA PAYOH,4,85,530000,82,1
TOA PAYOH,4,111,553000,66,1
TOA PAYOH,4,103,570000,68,7
TOA PAYOH,4,103,575000,66,1
TOA PAYOH,4,104,580000,66,7
TOA PAYOH,4,104,596000,80,7
TOA PAYOH,4,85,610000,82,10
TOA PAYOH,4,76,665000,90,10
TOA PAYOH,4,91,685000,90,4
TOA PAYOH,4,86,706000,87,10
TOA PAYOH,4,100,740000,82,25
TOA PAYOH,4,91,788000,90,34
TOA PAYOH,4,84,468000,56,4
TOA PAYOH,5,119,572888,64,16
TOA PAYOH,5,123,610000,74,1
TOA PAYOH,5,122,616000,79,1
TOA PAYOH,5,124,623000,76,4
TOA PAYOH,5,110,810000,87,25
TOA PAYOH,5,113,840000,94,4
TOA PAYOH,5,156,840000,66,13
TOA PAYOH,5,158,900000,66,10
TOA PAYOH,6,146,850000,68,7
TOA PAYOH,2,40,205000,53,4
TOA PAYOH,2,40,215000,50,4
TOA PAYOH,2,43,220000,49,4
TOA PAYOH,2,43,236000,49,10
TOA PAYOH,3,57,252000,50,7
TOA PAYOH,3,67,263000,52,1
TOA PAYOH,3,67,265000,51,4
TOA PAYOH,3,67,265000,66,4
TOA PAYOH,3,68,270000,53,19
TOA PAYOH,3,66,270000,52,7
TOA PAYOH,3,61,270000,54,10
TOA PAYOH,3,66,270000,63,4
TOA PAYOH,3,65,300000,55,7
TOA PAYOH,3,65,300000,49,10
TOA PAYOH,3,67,300000,52,4
TOA PAYOH,3,67,300000,52,7
TOA PAYOH,3,67,307000,66,7
TOA PAYOH,3,67,308000,66,4
TOA PAYOH,3,68,310000,53,7
TOA PAYOH,3,65,320000,54,10
TOA PAYOH,3,65,320000,54,10
TOA PAYOH,3,68,325000,51,7
TOA PAYOH,3,67,328000,66,10
TOA PAYOH,3,78,338000,51,13
TOA PAYOH,3,65,340000,49,1
TOA PAYOH,3,68,365000,53,19
TOA PAYOH,3,74,405000,65,13
TOA PAYOH,3,74,420000,66,4
TOA PAYOH,3,74,436000,66,10
TOA PAYOH,3,70,555000,93,10
TOA PAYOH,4,82,345000,57,4
TOA PAYOH,4,82,350000,59,4
TOA PAYOH,4,82,365000,57,10
TOA PAYOH,4,100,435000,66,1
TOA PAYOH,4,97,435000,66,1
TOA PAYOH,4,87,438000,55,7
TOA PAYOH,4,84,450000,56,10
TOA PAYOH,4,104,485000,70,4
TOA PAYOH,4,103,498000,70,10
TOA PAYOH,4,102,515000,79,4
TOA PAYOH,4,104,530000,65,1
TOA PAYOH,4,103,555000,80,4
TOA PAYOH,4,104,580000,74,7
TOA PAYOH,4,104,595000,80,10
TOA PAYOH,4,102,600000,79,13
TOA PAYOH,4,100,610000,81,1
TOA PAYOH,4,91,663000,87,22
TOA PAYOH,4,101,698000,83,22
TOA PAYOH,4,91,700000,87,16
TOA PAYOH,4,92,700000,90,4
TOA PAYOH,4,86,726000,87,31
TOA PAYOH,4,91,820000,93,31
TOA PAYOH,5,123,572000,64,7
TOA PAYOH,5,132,572000,65,7
TOA PAYOH,5,120,680000,68,16
TOA PAYOH,5,135,718000,65,4
TOA PAYOH,5,119,790000,79,13
TOA PAYOH,5,110,825000,93,4
TOA PAYOH,5,113,850000,93,7
TOA PAYOH,5,110,855000,84,28
TOA PAYOH,5,147,950000,66,10
TOA PAYOH,5,117,963888,93,19
TOA PAYOH,5,117,970000,93,25
TOA PAYOH,6,146,710000,70,4
TOA PAYOH,6,146,735000,68,4
TOA PAYOH,6,146,765000,70,1
TOA PAYOH,6,144,880000,74,4
TOA PAYOH,4,87,435800,55,10
TOA PAYOH,2,43,210000,48,1
TOA PAYOH,3,67,260000,50,10
TOA PAYOH,3,67,265000,52,1
TOA PAYOH,3,66,272000,52,10
TOA PAYOH,3,64,275000,48,1
TOA PAYOH,3,66,275000,52,4
TOA PAYOH,3,68,275000,53,1
TOA PAYOH,3,67,280000,51,7
TOA PAYOH,3,67,280000,51,4
TOA PAYOH,3,68,280000,50,4
TOA PAYOH,3,63,285000,64,13
TOA PAYOH,3,67,288000,51,1
TOA PAYOH,3,66,288000,63,4
TOA PAYOH,3,67,290000,51,1
TOA PAYOH,3,67,295000,51,7
TOA PAYOH,3,65,300000,48,10
TOA PAYOH,3,65,300000,63,4
TOA PAYOH,3,67,302000,53,7
TOA PAYOH,3,68,303000,51,10
TOA PAYOH,3,65,308000,48,7
TOA PAYOH,3,65,310000,54,7
TOA PAYOH,3,68,310000,50,10
TOA PAYOH,3,65,312000,48,4
TOA PAYOH,3,65,313000,53,4
TOA PAYOH,3,68,323000,51,10
TOA PAYOH,3,74,400000,66,13
TOA PAYOH,3,74,403000,66,4
TOA PAYOH,3,70,580000,93,10
TOA PAYOH,4,82,330000,57,7
TOA PAYOH,4,82,348000,57,4
TOA PAYOH,4,82,355000,57,10
TOA PAYOH,4,82,355000,57,10
TOA PAYOH,4,82,378000,57,16
TOA PAYOH,4,106,430000,65,4
TOA PAYOH,4,93,448000,66,4
TOA PAYOH,4,104,450000,70,7
TOA PAYOH,4,87,450000,55,16
TOA PAYOH,4,104,493000,70,7
TOA PAYOH,4,104,518000,79,1
TOA PAYOH,4,104,525000,66,4
TOA PAYOH,4,84,555000,56,19
TOA PAYOH,4,85,577000,82,7
TOA PAYOH,4,104,590000,80,10
TOA PAYOH,4,91,590000,87,4
TOA PAYOH,4,76,595000,90,10
TOA PAYOH,4,103,600000,79,1
TOA PAYOH,4,91,605000,87,4
TOA PAYOH,4,101,635000,81,4
TOA PAYOH,4,91,680000,84,10
TOA PAYOH,4,86,690000,87,10
TOA PAYOH,4,92,705000,90,10
TOA PAYOH,4,105,710000,78,16
TOA PAYOH,4,91,745000,87,28
TOA PAYOH,4,91,760000,93,19
TOA PAYOH,4,90,800000,90,37
TOA PAYOH,5,122,550000,70,1
TOA PAYOH,5,124,800000,78,4
TOA PAYOH,5,156,840000,66,13
TOA PAYOH,5,110,845000,93,10
TOA PAYOH,5,113,850000,93,4
TOA PAYOH,5,113,855000,93,4
TOA PAYOH,5,110,858000,93,7
TOA PAYOH,5,114,875000,93,34
TOA PAYOH,5,110,888000,87,10
TOA PAYOH,5,117,920000,93,19
TOA PAYOH,5,114,950000,93,25
TOA PAYOH,5,114,958000,93,25
TOA PAYOH,5,117,970000,93,25
TOA PAYOH,5,117,1010000,93,37
TOA PAYOH,5,117,1120000,93,40
TOA PAYOH,6,166,935000,65,1
TOA PAYOH,2,50,230888,64,13
TOA PAYOH,3,60,230000,48,1
TOA PAYOH,3,57,240000,49,7
TOA PAYOH,3,66,245000,54,7
TOA PAYOH,3,66,248000,54,1
TOA PAYOH,3,57,248000,49,7
TOA PAYOH,3,66,250000,51,4
TOA PAYOH,3,66,252000,51,1
TOA PAYOH,3,67,260000,66,4
TOA PAYOH,3,57,260000,49,7
TOA PAYOH,3,65,263500,58,1
TOA PAYOH,3,68,270000,50,7
TOA PAYOH,3,68,272000,49,7
TOA PAYOH,3,65,275000,48,1
TOA PAYOH,3,68,275000,50,4
TOA PAYOH,3,65,275000,57,10
TOA PAYOH,3,67,275000,52,1
TOA PAYOH,3,67,281800,66,1
TOA PAYOH,3,65,286000,48,7
TOA PAYOH,3,65,288888,53,4
TOA PAYOH,3,65,290000,48,4
TOA PAYOH,3,67,290000,51,1
TOA PAYOH,3,66,305000,51,4
TOA PAYOH,3,65,305000,49,10
TOA PAYOH,3,67,305000,51,10
TOA PAYOH,3,67,305000,51,13
TOA PAYOH,3,67,311000,66,13
TOA PAYOH,3,63,315000,51,13
TOA PAYOH,3,67,320000,51,13
TOA PAYOH,3,62,320000,54,10
TOA PAYOH,3,62,330000,51,16
TOA PAYOH,3,67,339000,52,10
TOA PAYOH,3,68,345000,53,22
TOA PAYOH,3,74,350000,65,1
TOA PAYOH,3,68,360000,53,19
TOA PAYOH,3,76,370000,53,7
TOA PAYOH,3,74,370000,65,1
TOA PAYOH,3,74,375000,66,1
TOA PAYOH,3,74,445000,65,7
TOA PAYOH,3,74,455000,65,16
TOA PAYOH,3,70,568888,93,7
TOA PAYOH,3,70,585000,93,7
TOA PAYOH,3,70,585000,93,7
TOA PAYOH,3,70,600000,93,4
TOA PAYOH,4,82,390000,59,13
TOA PAYOH,4,106,450000,65,10
TOA PAYOH,4,104,461000,70,1
TOA PAYOH,4,105,495000,70,7
TOA PAYOH,4,103,497000,70,7
TOA PAYOH,4,106,503000,66,4
TOA PAYOH,4,103,525000,78,1
TOA PAYOH,4,106,548000,76,4
TOA PAYOH,4,111,560000,65,1
TOA PAYOH,4,76,580000,90,4
TOA PAYOH,4,104,600000,79,10
TOA PAYOH,4,105,605000,78,4
TOA PAYOH,4,104,620000,78,1
TOA PAYOH,4,76,628888,90,19
TOA PAYOH,4,76,638000,90,28
TOA PAYOH,4,91,639888,90,7
TOA PAYOH,4,91,648000,90,10
TOA PAYOH,4,91,655000,84,10
TOA PAYOH,4,76,678000,90,34
TOA PAYOH,4,101,690000,80,13
TOA PAYOH,4,105,700000,78,16
TOA PAYOH,4,91,780000,90,28
TOA PAYOH,4,91,815000,93,34
TOA PAYOH,5,117,508000,57,4
TOA PAYOH,5,134,550000,51,1
TOA PAYOH,5,117,555000,57,4
TOA PAYOH,5,119,563000,57,10
TOA PAYOH,5,119,600000,64,19
TOA PAYOH,5,117,600888,57,22
TOA PAYOH,5,123,605000,74,1
TOA PAYOH,5,124,607000,76,1
TOA PAYOH,5,128,640000,70,4
TOA PAYOH,5,123,670000,74,13
TOA PAYOH,5,120,690000,67,16
TOA PAYOH,5,125,700000,76,4
TOA PAYOH,5,121,880000,78,4
TOA PAYOH,5,113,900000,93,13
TOA PAYOH,5,110,900000,93,16
TOA PAYOH,5,117,916888,93,22
TOA PAYOH,5,113,938000,93,13
TOA PAYOH,5,117,940000,93,19
TOA PAYOH,5,114,960000,93,25
TOA PAYOH,5,117,975000,93,25
TOA PAYOH,5,117,985000,93,28
TOA PAYOH,5,114,985000,93,34
TOA PAYOH,5,117,986000,93,37
TOA PAYOH,5,117,990000,93,25
TOA PAYOH,6,146,850000,74,4
TOA PAYOH,6,145,930000,74,7
TOA PAYOH,2,42,202000,48,4
TOA PAYOH,2,50,235000,64,7
TOA PAYOH,3,66,235000,51,1
TOA PAYOH,3,57,245000,49,10
TOA PAYOH,3,67,250000,52,1
TOA PAYOH,3,57,250000,49,4
TOA PAYOH,3,66,255000,54,7
TOA PAYOH,3,65,258000,58,10
TOA PAYOH,3,65,260000,54,4
TOA PAYOH,3,66,267000,51,4
TOA PAYOH,3,77,300000,52,10
TOA PAYOH,3,65,305000,57,7
TOA PAYOH,3,77,308000,53,7
TOA PAYOH,3,78,315000,51,10
TOA PAYOH,3,67,325000,51,7
TOA PAYOH,3,77,325000,52,13
TOA PAYOH,3,65,330000,63,7
TOA PAYOH,3,77,338000,51,4
TOA PAYOH,3,68,345000,53,10
TOA PAYOH,3,74,406000,65,1
TOA PAYOH,3,74,420000,65,13
TOA PAYOH,3,74,435000,65,7
TOA PAYOH,3,70,565000,93,4
TOA PAYOH,3,70,615000,93,7
TOA PAYOH,4,82,332000,57,13
TOA PAYOH,4,82,342000,57,13
TOA PAYOH,4,103,500000,70,4
TOA PAYOH,4,104,570000,76,7
TOA PAYOH,4,90,628000,84,16
TOA PAYOH,4,92,630000,90,1
TOA PAYOH,4,76,632088,90,25
TOA PAYOH,4,101,700000,81,16
TOA PAYOH,4,92,700000,90,7
TOA PAYOH,4,91,700000,90,22
TOA PAYOH,4,101,712000,80,10
TOA PAYOH,4,91,748000,93,16
TOA PAYOH,4,91,780000,93,22
TOA PAYOH,4,91,813800,93,31
TOA PAYOH,4,91,815000,93,25
TOA PAYOH,5,136,615000,76,4
TOA PAYOH,5,135,625000,76,7
TOA PAYOH,5,124,638000,74,1
TOA PAYOH,5,120,670000,79,19
TOA PAYOH,5,120,685000,80,25
TOA PAYOH,5,120,690000,80,19
TOA PAYOH,5,124,878888,80,10
TOA PAYOH,5,113,880000,93,13
TOA PAYOH,5,111,880000,90,10
TOA PAYOH,5,117,910000,93,31
TOA PAYOH,5,114,920000,93,34
TOA PAYOH,5,110,920000,90,28
TOA PAYOH,5,122,935000,78,25
TOA PAYOH,5,117,940000,93,28
TOA PAYOH,5,117,940000,93,28
TOA PAYOH,5,114,945000,93,25
TOA PAYOH,5,110,950888,90,37
TOA PAYOH,5,117,959888,93,19
TOA PAYOH,2,41,186000,53,1
TOA PAYOH,2,40,215000,49,1
TOA PAYOH,2,43,219000,64,10
TOA PAYOH,2,43,225000,48,10
TOA PAYOH,3,68,225000,51,4
TOA PAYOH,3,65,245000,57,4
TOA PAYOH,3,67,255000,52,4
TOA PAYOH,3,66,258000,54,7
TOA PAYOH,3,65,262000,58,10
TOA PAYOH,3,68,275000,50,1
TOA PAYOH,3,65,275000,58,7
TOA PAYOH,3,67,280000,51,7
TOA PAYOH,3,67,285000,66,1
TOA PAYOH,3,65,288000,48,7
TOA PAYOH,3,67,290000,51,4
TOA PAYOH,3,67,290000,52,4
TOA PAYOH,3,65,290000,54,10
TOA PAYOH,3,68,296800,53,7
TOA PAYOH,3,65,297888,57,7
TOA PAYOH,3,65,300000,63,1
TOA PAYOH,3,67,303888,51,4
TOA PAYOH,3,67,305000,66,10
TOA PAYOH,3,67,310000,51,10
TOA PAYOH,3,68,310000,50,7
TOA PAYOH,3,67,320000,51,7
TOA PAYOH,3,67,325000,52,7
TOA PAYOH,3,66,338888,51,4
TOA PAYOH,3,67,345000,53,1
TOA PAYOH,3,74,418000,65,10
TOA PAYOH,3,74,420000,65,13
TOA PAYOH,3,74,428000,66,7
TOA PAYOH,4,82,338000,56,1
TOA PAYOH,4,82,340000,57,13
TOA PAYOH,4,82,340000,57,4
TOA PAYOH,4,82,350000,58,10
TOA PAYOH,4,82,369000,57,13
TOA PAYOH,4,81,400000,54,4
TOA PAYOH,4,93,445000,66,4
TOA PAYOH,4,103,450000,65,10
TOA PAYOH,4,84,460000,55,10
TOA PAYOH,4,103,475000,65,4
TOA PAYOH,4,104,480000,70,7
TOA PAYOH,4,84,538000,55,22
TOA PAYOH,4,105,630000,78,7
TOA PAYOH,4,86,648000,82,19
TOA PAYOH,4,91,696500,93,10
TOA PAYOH,4,91,698000,87,16
TOA PAYOH,4,91,730000,90,25
TOA PAYOH,4,91,740000,93,16
TOA PAYOH,4,91,740000,93,10
TOA PAYOH,4,91,760000,93,28
TOA PAYOH,4,91,760000,93,28
TOA PAYOH,4,91,760000,93,28
TOA PAYOH,4,91,768000,87,28
TOA PAYOH,4,91,770000,93,19
TOA PAYOH,4,91,770000,93,25
TOA PAYOH,4,91,795000,90,34
TOA PAYOH,4,91,821000,93,40
TOA PAYOH,5,117,505000,57,13
TOA PAYOH,5,119,520000,64,1
TOA PAYOH,5,117,540000,59,13
TOA PAYOH,5,136,540000,50,4
TOA PAYOH,5,122,558000,70,1
TOA PAYOH,5,136,641888,76,10
TOA PAYOH,5,120,700000,79,13
TOA PAYOH,5,110,822500,93,4
TOA PAYOH,5,111,830000,83,4
TOA PAYOH,5,113,848000,93,7
TOA PAYOH,5,110,865000,93,16
TOA PAYOH,5,122,890000,78,22
TOA PAYOH,5,113,900000,93,13
TOA PAYOH,5,114,900000,93,19
TOA PAYOH,5,117,905000,93,19
TOA PAYOH,5,110,920000,87,37
TOA PAYOH,5,117,1050000,93,40
TOA PAYOH,6,146,665000,69,4
TOA PAYOH,6,158,838000,76,13
TOA PAYOH,6,142,935000,74,16
TOA PAYOH,2,43,185000,48,7
TOA PAYOH,2,43,190000,48,10
TOA PAYOH,2,40,195000,49,4
TOA PAYOH,2,40,205000,64,1
TOA PAYOH,2,50,216000,64,7
TOA PAYOH,3,61,240000,54,4
TOA PAYOH,3,60,242000,48,4
TOA PAYOH,3,60,250000,48,4
TOA PAYOH,3,61,250000,54,4
TOA PAYOH,3,63,263000,64,1
TOA PAYOH,3,65,263000,57,4
TOA PAYOH,3,67,265000,52,1
TOA PAYOH,3,66,266888,62,10
TOA PAYOH,3,67,268000,51,4
TOA PAYOH,3,67,268000,50,4
TOA PAYOH,3,68,280000,53,19
TOA PAYOH,3,65,280000,58,4
TOA PAYOH,3,66,282000,48,4
TOA PAYOH,3,67,285000,52,16
TOA PAYOH,3,65,306000,54,7
TOA PAYOH,3,68,308000,50,7
TOA PAYOH,3,67,309888,51,7
TOA PAYOH,3,67,310000,53,4
TOA PAYOH,3,67,315000,53,1
TOA PAYOH,3,67,320000,51,10
TOA PAYOH,3,68,322000,51,13
TOA PAYOH,3,68,326800,51,7
TOA PAYOH,3,77,328000,52,16
TOA PAYOH,3,65,330000,53,10
TOA PAYOH,3,65,336000,54,10
TOA PAYOH,3,66,343000,51,7
TOA PAYOH,3,75,350000,65,4
TOA PAYOH,3,77,350000,62,4
TOA PAYOH,3,67,350000,53,1
TOA PAYOH,3,77,378000,52,4
TOA PAYOH,3,74,400000,65,7
TOA PAYOH,3,74,405000,65,1
TOA PAYOH,3,83,426500,65,13
TOA PAYOH,3,70,575000,93,4
TOA PAYOH,3,70,630000,93,4
TOA PAYOH,4,82,308000,59,1
TOA PAYOH,4,82,315000,57,1
TOA PAYOH,4,82,326000,59,1
TOA PAYOH,4,82,350000,57,7
TOA PAYOH,4,103,420000,65,4
TOA PAYOH,4,81,425000,54,10
TOA PAYOH,4,103,480000,70,4
TOA PAYOH,4,104,570000,74,7
TOA PAYOH,4,106,600000,79,4
TOA PAYOH,4,104,601000,78,4
TOA PAYOH,4,85,610000,82,10
TOA PAYOH,4,91,620000,87,10
TOA PAYOH,4,106,620000,76,13
TOA PAYOH,4,105,623000,78,1
TOA PAYOH,4,105,630000,78,4
TOA PAYOH,4,106,648000,65,7
TOA PAYOH,4,104,683000,78,13
TOA PAYOH,4,101,698500,82,10
TOA PAYOH,4,91,715000,90,13
TOA PAYOH,4,91,730000,87,25
TOA PAYOH,4,91,745000,90,25
TOA PAYOH,4,91,768000,93,19
TOA PAYOH,4,91,768000,87,31
TOA PAYOH,4,100,791000,80,19
TOA PAYOH,4,91,808000,93,31
TOA PAYOH,5,134,588888,74,1
TOA PAYOH,5,122,605000,70,7
TOA PAYOH,5,132,622000,65,13
TOA PAYOH,5,122,640000,70,10
TOA PAYOH,5,123,668000,74,7
TOA PAYOH,5,125,675000,74,4
TOA PAYOH,5,120,690000,79,16
TOA PAYOH,5,120,700000,79,19
TOA PAYOH,5,120,700000,79,19
TOA PAYOH,5,120,700000,79,19
TOA PAYOH,5,110,830000,93,7
TOA PAYOH,5,110,852000,93,7
TOA PAYOH,5,113,855000,93,10
TOA PAYOH,5,113,860000,93,7
TOA PAYOH,5,110,870000,93,10
TOA PAYOH,5,110,870000,93,7
TOA PAYOH,5,116,878000,82,22
TOA PAYOH,5,114,890000,93,28
TOA PAYOH,5,114,900000,93,22
TOA PAYOH,5,114,905000,93,19
TOA PAYOH,5,114,925000,93,22
TOA PAYOH,5,117,930000,93,28
TOA PAYOH,5,114,930000,93,22
TOA PAYOH,5,114,973888,93,40
TOA PAYOH,5,117,978888,93,37
TOA PAYOH,5,114,993000,93,37
TOA PAYOH,5,117,1033800,93,37
TOA PAYOH,5,114,1050000,93,40
TOA PAYOH,2,52,198000,64,4
TOA PAYOH,3,79,345000,51,7
TOA PAYOH,3,65,274000,48,1
TOA PAYOH,3,65,328000,49,10
TOA PAYOH,3,65,269000,53,7
TOA PAYOH,3,70,590000,93,7
TOA PAYOH,3,70,579000,93,7
TOA PAYOH,3,63,292000,51,13
TOA PAYOH,3,78,350000,51,13
TOA PAYOH,3,61,250000,54,1
TOA PAYOH,3,65,268000,51,1
TOA PAYOH,3,66,234000,51,4
TOA PAYOH,3,66,235000,51,1
TOA PAYOH,3,65,277000,57,10
TOA PAYOH,3,74,375000,65,1
TOA PAYOH,4,106,456000,65,4
TOA PAYOH,4,104,488000,70,4
TOA PAYOH,4,101,780000,80,19
TOA PAYOH,4,86,712000,87,25
TOA PAYOH,4,102,620000,78,13
TOA PAYOH,4,104,558000,79,4
TOA PAYOH,4,82,342000,56,16
TOA PAYOH,4,82,328000,57,7
TOA PAYOH,4,89,505000,79,4
TOA PAYOH,4,91,783000,90,37
TOA PAYOH,4,87,439000,54,13
TOA PAYOH,5,122,600000,70,4
TOA PAYOH,5,124,750000,76,10
TOA PAYOH,5,114,930000,93,28
TOA PAYOH,5,113,800000,93,1
TOA PAYOH,5,114,1000000,93,40
TOA PAYOH,5,114,938888,93,31
TOA PAYOH,5,114,920000,93,25
TOA PAYOH,5,117,930000,93,31
TOA PAYOH,5,117,934000,93,22
TOA PAYOH,5,124,820000,80,1
TOA PAYOH,5,124,820000,78,4
TOA PAYOH,5,122,830000,74,10
TOA PAYOH,5,123,810000,77,10
TOA PAYOH,5,120,690000,79,13
TOA PAYOH,5,160,918000,65,7
TOA PAYOH,6,145,958888,74,16
TOA PAYOH,2,43,210000,64,10
TOA PAYOH,3,66,230000,54,1
TOA PAYOH,3,66,230000,54,4
TOA PAYOH,3,66,238000,54,7
TOA PAYOH,3,63,240000,51,1
TOA PAYOH,3,67,250000,51,4
TOA PAYOH,3,66,255000,53,1
TOA PAYOH,3,66,255000,51,1
TOA PAYOH,3,67,258800,52,1
TOA PAYOH,3,65,265000,57,7
TOA PAYOH,3,67,275000,52,19
TOA PAYOH,3,65,275000,54,7
TOA PAYOH,3,65,280000,48,10
TOA PAYOH,3,63,285000,51,10
TOA PAYOH,3,65,285000,54,7
TOA PAYOH,3,67,295000,51,13
TOA PAYOH,3,67,310000,52,4
TOA PAYOH,3,67,315000,52,1
TOA PAYOH,3,65,335000,63,4
TOA PAYOH,3,74,368888,65,1
TOA PAYOH,4,82,332000,57,7
TOA PAYOH,4,82,345000,57,10
TOA PAYOH,4,81,362000,54,1
TOA PAYOH,4,87,368000,54,4
TOA PAYOH,4,104,455000,70,7
TOA PAYOH,4,76,458000,90,4
TOA PAYOH,4,84,468000,55,7
TOA PAYOH,4,108,475000,70,1
TOA PAYOH,4,100,578888,79,13
TOA PAYOH,4,102,580000,78,10
TOA PAYOH,4,102,600000,78,7
TOA PAYOH,4,76,635000,90,25
TOA PAYOH,4,105,670000,78,10
TOA PAYOH,4,91,710000,90,10
TOA PAYOH,4,86,712500,87,40
TOA PAYOH,4,92,717000,90,10
TOA PAYOH,4,91,720000,93,10
TOA PAYOH,4,91,755000,93,19
TOA PAYOH,5,117,565000,59,10
TOA PAYOH,5,124,798000,80,7
TOA PAYOH,5,113,825000,93,4
TOA PAYOH,5,113,875000,93,10
TOA PAYOH,5,114,900000,93,28
TOA PAYOH,5,117,930000,93,19
TOA PAYOH,5,117,940000,93,28
TOA PAYOH,5,117,983500,93,37
TOA PAYOH,6,161,948000,65,1
TOA PAYOH,6,161,960000,65,1
TOA PAYOH,3,65,230000,57,1
TOA PAYOH,3,67,233000,50,4
TOA PAYOH,3,66,240000,51,4
TOA PAYOH,3,66,240000,51,4
TOA PAYOH,3,66,250000,51,7
TOA PAYOH,3,65,255000,48,1
TOA PAYOH,3,65,258000,57,10
TOA PAYOH,3,67,265000,50,4
TOA PAYOH,3,67,269000,52,4
TOA PAYOH,3,77,275000,51,13
TOA PAYOH,3,62,280000,54,7
TOA PAYOH,3,65,281000,48,4
TOA PAYOH,3,67,285000,50,7
TOA PAYOH,3,65,288000,48,7
TOA PAYOH,3,65,289000,62,10
TOA PAYOH,3,78,380000,52,4
TOA PAYOH,4,82,330000,57,13
TOA PAYOH,4,82,360000,57,7
TOA PAYOH,4,82,375000,57,10
TOA PAYOH,4,93,430000,65,4
TOA PAYOH,4,104,470000,65,1
TOA PAYOH,4,84,472000,55,4
TOA PAYOH,4,76,476000,90,13
TOA PAYOH,4,103,500000,65,1
TOA PAYOH,4,91,557000,83,1
TOA PAYOH,4,90,560000,83,10
TOA PAYOH,4,104,570000,74,7
TOA PAYOH,4,101,595000,80,10
TOA PAYOH,4,100,720000,81,13
TOA PAYOH,4,91,742000,93,22
TOA PAYOH,5,119,562000,64,13
TOA PAYOH,5,117,580000,57,25
TOA PAYOH,5,132,585000,64,7
TOA PAYOH,5,132,620000,65,10
TOA PAYOH,5,121,700000,78,1
TOA PAYOH,5,110,708000,93,1
TOA PAYOH,5,120,715000,79,19
TOA PAYOH,5,136,730000,74,13
TOA PAYOH,5,110,773000,93,4
TOA PAYOH,5,122,850000,77,16
TOA PAYOH,5,110,865000,93,10
TOA PAYOH,5,117,902000,93,28
TOA PAYOH,5,117,905000,93,19
TOA PAYOH,5,117,920000,93,19
TOA PAYOH,5,114,964388,93,22
TOA PAYOH,6,146,650000,69,4
TOA PAYOH,6,146,750000,67,7
TOA PAYOH,6,146,830000,74,4
TOA PAYOH,2,43,189000,48,4
TOA PAYOH,3,65,210000,48,7
TOA PAYOH,3,66,225000,51,7
TOA PAYOH,3,67,225000,51,1
TOA PAYOH,3,66,228000,51,7
TOA PAYOH,3,65,230000,48,1
TOA PAYOH,3,65,230000,48,4
TOA PAYOH,3,67,248000,51,10
TOA PAYOH,3,67,248888,50,1
TOA PAYOH,3,66,260000,51,1
TOA PAYOH,3,67,262000,50,1
TOA PAYOH,3,68,268000,50,7
TOA PAYOH,3,67,275000,65,1
TOA PAYOH,3,63,288000,50,13
TOA PAYOH,3,67,293000,50,10
TOA PAYOH,3,65,295000,54,1
TOA PAYOH,3,67,300000,51,10
TOA PAYOH,3,68,300000,52,13
TOA PAYOH,3,67,308000,52,4
TOA PAYOH,3,67,317388,65,10
TOA PAYOH,3,63,319000,50,19
TOA PAYOH,3,67,320000,52,10
TOA PAYOH,3,67,323000,52,7
TOA PAYOH,3,78,368000,52,19
TOA PAYOH,3,75,385000,65,7
TOA PAYOH,3,74,400000,65,7
TOA PAYOH,3,74,410000,65,10
TOA PAYOH,3,70,568000,93,1
TOA PAYOH,4,81,312000,54,4
TOA PAYOH,4,76,470000,90,1
TOA PAYOH,4,76,480000,90,4
TOA PAYOH,4,100,523888,79,4
TOA PAYOH,4,101,545000,78,7
TOA PAYOH,4,90,550000,83,4
TOA PAYOH,4,103,568000,67,16
TOA PAYOH,4,91,579000,86,1
TOA PAYOH,4,92,590000,86,1
TOA PAYOH,4,90,608000,83,4
TOA PAYOH,4,106,612000,65,13
TOA PAYOH,4,106,620000,79,16
TOA PAYOH,4,106,628000,79,16
TOA PAYOH,4,100,631500,80,10
TOA PAYOH,4,103,635000,77,4
TOA PAYOH,4,86,703000,86,34
TOA PAYOH,4,91,720000,93,22
TOA PAYOH,4,91,725000,90,22
TOA PAYOH,4,91,735000,93,13
TOA PAYOH,4,91,740000,93,16
TOA PAYOH,4,91,748888,93,22
TOA PAYOH,4,101,750000,81,25
TOA PAYOH,4,91,783000,93,37
TOA PAYOH,4,91,823000,93,37
TOA PAYOH,5,114,500000,57,4
TOA PAYOH,5,117,520000,57,7
TOA PAYOH,5,123,590000,64,10
TOA PAYOH,5,150,730000,62,10
TOA PAYOH,5,119,770000,78,19
TOA PAYOH,5,121,780000,77,1
TOA PAYOH,5,113,800000,93,1
TOA PAYOH,5,121,800000,78,4
TOA PAYOH,5,110,828888,93,4
TOA PAYOH,5,146,832888,65,10
TOA PAYOH,5,110,850000,93,10
TOA PAYOH,5,122,860000,81,4
TOA PAYOH,5,113,880000,93,10
TOA PAYOH,5,110,890000,90,4
TOA PAYOH,5,110,900000,86,34
TOA PAYOH,5,121,900000,77,10
TOA PAYOH,5,110,910000,86,25
TOA PAYOH,5,114,930000,93,25
TOA PAYOH,5,117,953000,93,31
TOA PAYOH,5,117,985000,93,28
TOA PAYOH,5,117,1040000,93,40
TOA PAYOH,2,41,225000,52,10
TOA PAYOH,2,45,250000,52,4
TOA PAYOH,3,67,213000,50,10
TOA PAYOH,3,60,222000,48,4
TOA PAYOH,3,66,228000,51,10
TOA PAYOH,3,66,232000,51,7
TOA PAYOH,3,66,250000,54,7
TOA PAYOH,3,65,250000,57,7
TOA PAYOH,3,67,260000,51,10
TOA PAYOH,3,67,260000,51,4
TOA PAYOH,3,67,265000,51,16
TOA PAYOH,3,65,268000,48,4
TOA PAYOH,3,67,268000,51,1
TOA PAYOH,3,67,270000,50,4
TOA PAYOH,3,67,275000,50,10
TOA PAYOH,3,67,275000,51,16
TOA PAYOH,3,68,275000,50,4
TOA PAYOH,3,68,295000,50,10
TOA PAYOH,3,65,305000,62,7
TOA PAYOH,3,65,310000,62,4
TOA PAYOH,3,65,313000,52,4
TOA PAYOH,3,62,317000,53,4
TOA PAYOH,3,74,390000,65,10
TOA PAYOH,3,70,640000,92,4
TOA PAYOH,4,82,325000,57,4
TOA PAYOH,4,81,350000,54,4
TOA PAYOH,4,82,360000,55,13
TOA PAYOH,4,87,434000,54,4
TOA PAYOH,4,103,458000,64,7
TOA PAYOH,4,104,508888,77,1
TOA PAYOH,4,104,510000,76,4
TOA PAYOH,4,104,550000,77,4
TOA PAYOH,4,102,560000,78,7
TOA PAYOH,4,102,640000,78,19
TOA PAYOH,4,91,655000,86,10
TOA PAYOH,4,76,675000,90,34
TOA PAYOH,4,101,720000,80,10
TOA PAYOH,4,91,743000,92,16
TOA PAYOH,4,91,750000,93,16
TOA PAYOH,4,91,755000,93,22
TOA PAYOH,4,91,788000,92,37
TOA PAYOH,4,91,804888,92,40
TOA PAYOH,5,114,495000,56,16
TOA PAYOH,5,121,531688,69,1
TOA PAYOH,5,132,545000,64,10
TOA PAYOH,5,121,709000,79,22
TOA PAYOH,5,150,735000,53,10
TOA PAYOH,5,113,785000,92,4
TOA PAYOH,5,110,790000,83,25
TOA PAYOH,5,113,796000,92,1
TOA PAYOH,5,122,802000,77,7
TOA PAYOH,5,122,808000,82,1
TOA PAYOH,5,110,813000,93,4
TOA PAYOH,5,110,835000,93,4
TOA PAYOH,5,113,850000,92,10
TOA PAYOH,5,110,870000,86,28
TOA PAYOH,5,110,883000,92,16
TOA PAYOH,5,114,886000,92,19
TOA PAYOH,5,113,900000,92,13
TOA PAYOH,5,117,910000,92,34
TOA PAYOH,5,114,930000,93,31
TOA PAYOH,5,117,933000,92,25
TOA PAYOH,5,114,995000,92,37
TOA PAYOH,5,114,1000000,93,40
TOA PAYOH,6,145,750000,67,7
TOA PAYOH,2,40,182000,49,4
TOA PAYOH,2,38,191000,49,1
TOA PAYOH,2,43,195000,48,4
TOA PAYOH,3,66,218000,54,4
TOA PAYOH,3,66,226000,51,7
TOA PAYOH,3,60,230000,48,1
TOA PAYOH,3,58,240000,49,4
TOA PAYOH,3,57,240000,49,7
TOA PAYOH,3,67,250000,51,4
TOA PAYOH,3,66,252000,54,10
TOA PAYOH,3,58,252000,49,1
TOA PAYOH,3,65,260000,53,10
TOA PAYOH,3,62,283000,53,10
TOA PAYOH,3,59,288000,54,10
TOA PAYOH,3,65,290000,48,10
TOA PAYOH,3,67,290000,65,1
TOA PAYOH,3,67,295000,52,4
TOA PAYOH,3,68,300000,52,13
TOA PAYOH,3,68,306000,50,13
TOA PAYOH,3,68,308000,52,4
TOA PAYOH,3,68,310000,50,13
TOA PAYOH,3,76,328000,57,7
TOA PAYOH,3,77,335000,62,10
TOA PAYOH,3,68,340000,52,19
TOA PAYOH,4,82,290000,57,1
TOA PAYOH,4,82,379000,57,10
TOA PAYOH,4,104,510000,65,1
TOA PAYOH,4,104,520000,69,10
TOA PAYOH,4,76,536000,89,4
TOA PAYOH,4,104,580000,79,10
TOA PAYOH,4,91,720000,93,13
TOA PAYOH,4,104,728000,79,10
TOA PAYOH,4,91,738000,93,16
TOA PAYOH,4,91,750000,93,19
TOA PAYOH,4,91,761888,90,31
TOA PAYOH,4,91,772000,93,25
TOA PAYOH,4,91,790000,93,25
TOA PAYOH,4,91,803800,93,37
TOA PAYOH,5,123,578000,64,10
TOA PAYOH,5,113,800000,93,1
TOA PAYOH,5,119,813800,78,13
TOA PAYOH,5,121,835000,79,10
TOA PAYOH,5,121,878000,79,16
TOA PAYOH,5,114,890888,93,19
TOA PAYOH,5,114,960000,93,31
TOA PAYOH,5,114,960000,93,31
TOA PAYOH,5,114,966000,93,34
TOA PAYOH,6,146,758000,67,1
TOA PAYOH,3,65,255000,48,10
TOA PAYOH,2,43,210000,48,4
TOA PAYOH,2,40,230000,49,4
TOA PAYOH,3,60,220000,48,1
TOA PAYOH,3,66,225000,51,7
TOA PAYOH,3,67,242000,51,7
TOA PAYOH,3,67,245000,51,1
TOA PAYOH,3,65,245000,48,7
TOA PAYOH,3,68,250000,50,4
TOA PAYOH,3,65,260000,48,7
TOA PAYOH,3,68,260000,49,16
TOA PAYOH,3,67,265000,50,10
TOA PAYOH,3,68,275000,50,13
TOA PAYOH,3,67,275000,51,4
TOA PAYOH,3,65,278000,48,7
TOA PAYOH,3,67,280000,50,4
TOA PAYOH,3,65,280000,51,1
TOA PAYOH,3,65,283000,49,4
TOA PAYOH,3,63,285000,64,10
TOA PAYOH,3,65,295000,54,10
TOA PAYOH,3,68,300000,52,16
TOA PAYOH,3,65,300000,48,7
TOA PAYOH,3,77,305000,51,10
TOA PAYOH,3,64,315000,53,4
TOA PAYOH,3,65,320000,54,10
TOA PAYOH,3,74,343000,65,4
TOA PAYOH,3,70,570000,93,1
TOA PAYOH,3,70,625000,92,10
TOA PAYOH,4,87,335000,54,1
TOA PAYOH,4,82,360000,56,7
TOA PAYOH,4,93,370000,65,1
TOA PAYOH,4,82,383000,56,4
TOA PAYOH,4,87,403000,54,7
TOA PAYOH,4,100,423000,65,10
TOA PAYOH,4,87,430000,54,16
TOA PAYOH,4,102,460000,64,10
TOA PAYOH,4,104,465000,69,1
TOA PAYOH,4,84,470000,55,10
TOA PAYOH,4,103,490000,65,1
TOA PAYOH,4,76,500000,89,31
TOA PAYOH,4,104,560000,65,4
TOA PAYOH,4,104,580000,79,7
TOA PAYOH,4,85,600000,81,10
TOA PAYOH,4,106,600000,79,10
TOA PAYOH,4,100,610000,80,1
TOA PAYOH,4,91,642000,86,7
TOA PAYOH,4,91,650888,86,4
TOA PAYOH,4,105,692000,77,10
TOA PAYOH,4,101,700000,82,16
TOA PAYOH,4,91,740000,89,13
TOA PAYOH,4,91,748000,89,19
TOA PAYOH,4,100,780000,81,13
TOA PAYOH,5,119,490000,58,4
TOA PAYOH,5,117,510000,56,10
TOA PAYOH,5,117,520000,56,4
TOA PAYOH,5,119,538000,57,7
TOA PAYOH,5,117,560000,58,19
TOA PAYOH,5,120,818000,80,7
TOA PAYOH,5,113,825000,92,4
TOA PAYOH,5,113,838000,93,7
TOA PAYOH,5,110,840000,92,7
TOA PAYOH,5,113,852000,92,4
TOA PAYOH,5,110,856000,92,10
TOA PAYOH,5,113,860000,93,4
TOA PAYOH,5,113,903888,92,16
TOA PAYOH,5,149,905000,65,13
TOA PAYOH,5,114,945000,92,22
TOA PAYOH,5,117,988000,92,28
TOA PAYOH,5,117,1015000,92,31
TOA PAYOH,5,114,1065000,92,34
TOA PAYOH,6,148,888000,73,4
TOA PAYOH,3,67,270000,51,4
TOA PAYOH,3,66,195000,54,7
TOA PAYOH,3,68,195000,50,1
TOA PAYOH,3,66,226000,51,10
TOA PAYOH,3,67,230000,51,4
TOA PAYOH,3,66,235000,51,1
TOA PAYOH,3,67,245000,51,7
TOA PAYOH,3,66,248000,51,4
TOA PAYOH,3,68,258000,49,7
TOA PAYOH,3,61,260000,53,4
TOA PAYOH,3,67,262500,51,19
TOA PAYOH,3,67,268888,51,4
TOA PAYOH,3,67,270000,51,7
TOA PAYOH,3,65,270000,53,1
TOA PAYOH,3,67,275000,50,13
TOA PAYOH,3,65,277000,48,4
TOA PAYOH,3,65,285000,48,4
TOA PAYOH,3,67,289000,50,7
TOA PAYOH,3,65,300000,48,7
TOA PAYOH,3,65,330000,52,7
TOA PAYOH,3,67,358000,65,4
TOA PAYOH,3,74,376000,65,4
TOA PAYOH,3,74,411000,65,7
TOA PAYOH,3,74,415000,65,13
TOA PAYOH,3,83,423000,65,4
TOA PAYOH,3,74,450000,65,16
TOA PAYOH,3,74,455000,64,16
TOA PAYOH,3,70,610000,92,7
TOA PAYOH,4,82,320000,58,10
TOA PAYOH,4,82,320000,56,13
TOA PAYOH,4,81,328888,54,13
TOA PAYOH,4,104,420000,69,1
TOA PAYOH,4,103,422000,64,4
TOA PAYOH,4,103,435000,64,4
TOA PAYOH,4,104,440000,69,1
TOA PAYOH,4,103,445000,69,1
TOA PAYOH,4,100,456500,65,4
TOA PAYOH,4,84,498000,55,1
TOA PAYOH,4,104,500000,79,7
TOA PAYOH,4,104,515000,78,1
TOA PAYOH,4,93,515000,79,4
TOA PAYOH,4,84,518000,55,22
TOA PAYOH,4,103,565000,78,1
TOA PAYOH,4,106,590000,79,13
TOA PAYOH,4,104,590000,65,10
TOA PAYOH,4,90,603888,83,13
TOA PAYOH,4,86,615000,81,7
TOA PAYOH,4,90,652000,83,10
TOA PAYOH,4,107,665000,75,19
TOA PAYOH,4,76,668000,89,19
TOA PAYOH,4,91,673888,86,10
TOA PAYOH,4,91,738000,89,10
TOA PAYOH,4,91,750000,92,13
TOA PAYOH,4,91,756000,92,19
TOA PAYOH,4,90,770000,89,37
TOA PAYOH,4,91,783000,92,19
TOA PAYOH,4,91,793000,92,34
TOA PAYOH,4,91,800000,92,28
TOA PAYOH,4,91,825000,92,37
TOA PAYOH,4,91,888000,92,40
TOA PAYOH,5,132,615000,64,10
TOA PAYOH,5,120,718000,79,19
TOA PAYOH,5,119,723888,78,7
TOA PAYOH,5,119,734000,78,4
TOA PAYOH,5,120,765000,67,10
TOA PAYOH,5,124,785000,75,16
TOA PAYOH,5,120,808000,80,10
TOA PAYOH,5,113,810000,92,1
TOA PAYOH,5,122,821000,77,13
TOA PAYOH,5,124,840000,79,13
TOA PAYOH,5,110,840000,83,25
TOA PAYOH,5,110,841000,92,4
TOA PAYOH,5,122,850000,82,7
TOA PAYOH,5,110,855000,83,22
TOA PAYOH,5,121,863000,79,7
TOA PAYOH,5,110,872000,92,10
TOA PAYOH,5,116,895000,81,25
TOA PAYOH,5,113,900000,92,16
TOA PAYOH,5,153,915000,65,10
TOA PAYOH,5,113,940000,92,16
TOA PAYOH,5,114,957000,92,31
TOA PAYOH,5,117,970888,92,25
TOA PAYOH,6,146,750000,67,7
TOA PAYOH,3,65,280000,54,4
TOA PAYOH,2,43,183000,47,10
TOA PAYOH,2,43,204000,47,4
TOA PAYOH,3,66,212000,54,1
TOA PAYOH,3,66,228000,54,4
TOA PAYOH,3,66,200000,53,10
TOA PAYOH,3,75,328000,53,10
TOA PAYOH,3,65,308888,53,10
TOA PAYOH,3,67,263000,50,1
TOA PAYOH,3,65,290000,48,4
TOA PAYOH,3,67,335000,50,13
TOA PAYOH,3,65,283000,48,4
TOA PAYOH,3,65,260000,52,4
TOA PAYOH,3,65,270000,47,7
TOA PAYOH,3,65,280000,48,1
TOA PAYOH,3,68,290000,52,7
TOA PAYOH,3,67,245000,51,4
TOA PAYOH,3,68,211000,49,1
TOA PAYOH,3,68,260000,49,4
TOA PAYOH,3,67,210000,50,10
TOA PAYOH,3,67,290000,49,7
TOA PAYOH,3,66,220000,50,1
TOA PAYOH,3,65,240000,57,1
TOA PAYOH,3,65,230000,57,4
TOA PAYOH,3,74,390000,65,1
TOA PAYOH,3,67,293000,65,1
TOA PAYOH,3,67,295000,65,4
TOA PAYOH,3,67,288000,65,10
TOA PAYOH,3,67,303000,52,1
TOA PAYOH,3,65,318000,62,7
TOA PAYOH,4,101,770000,79,25
TOA PAYOH,4,106,595000,75,13
TOA PAYOH,4,103,570000,67,13
TOA PAYOH,4,91,790000,92,19
TOA PAYOH,4,86,688000,86,10
TOA PAYOH,4,91,710000,83,19
TOA PAYOH,4,90,610000,83,10
TOA PAYOH,4,90,605000,83,16
TOA PAYOH,4,91,680000,86,7
TOA PAYOH,4,104,653000,77,7
TOA PAYOH,4,82,352000,57,13
TOA PAYOH,4,82,308000,56,10
TOA PAYOH,4,76,639888,89,28
TOA PAYOH,4,91,780000,89,31
TOA PAYOH,4,91,765000,89,31
TOA PAYOH,4,91,780000,89,28
TOA PAYOH,4,76,660000,89,28
TOA PAYOH,4,76,660000,89,10
TOA PAYOH,4,91,740000,89,10
TOA PAYOH,4,92,738000,89,10
TOA PAYOH,5,132,585000,64,16
TOA PAYOH,5,119,555000,63,13
TOA PAYOH,5,124,720000,75,10
TOA PAYOH,5,117,905888,92,19
TOA PAYOH,5,117,1160888,92,40
TOA PAYOH,5,110,820500,92,1
TOA PAYOH,5,110,890000,92,10
TOA PAYOH,5,110,828000,92,4
TOA PAYOH,5,114,985000,92,25
TOA PAYOH,5,110,950000,92,16
TOA PAYOH,5,122,900000,82,13
TOA PAYOH,5,121,900000,79,22
TOA PAYOH,5,121,808888,77,7
TOA PAYOH,5,120,748000,78,22
TOA PAYOH,5,117,808000,78,19
TOA PAYOH,5,120,800000,78,22
TOA PAYOH,5,126,625000,73,4
TOA PAYOH,5,143,716000,64,4
TOA PAYOH,6,146,826000,75,13
TOA PAYOH,2,43,205000,47,4
TOA PAYOH,3,66,195000,53,4
TOA PAYOH,3,66,205000,53,1
TOA PAYOH,3,66,185000,53,7
TOA PAYOH,3,66,290000,53,10
TOA PAYOH,3,65,279000,52,7
TOA PAYOH,3,67,290000,50,10
TOA PAYOH,3,65,280000,47,1
TOA PAYOH,3,67,300000,50,4
TOA PAYOH,3,66,260000,52,4
TOA PAYOH,3,65,255000,47,1
TOA PAYOH,3,67,273888,50,7
TOA PAYOH,3,72,296000,50,13
TOA PAYOH,3,72,330000,50,16
TOA PAYOH,3,78,335000,50,10
TOA PAYOH,3,68,285000,50,4
TOA PAYOH,3,68,285000,48,16
TOA PAYOH,3,63,257000,63,1
TOA PAYOH,3,63,291000,63,16
TOA PAYOH,3,67,255000,49,10
TOA PAYOH,3,66,245000,50,10
TOA PAYOH,3,66,228000,50,7
TOA PAYOH,3,65,243999,57,1
TOA PAYOH,3,65,260000,57,10
TOA PAYOH,3,66,260000,62,7
TOA PAYOH,3,67,310000,65,7
TOA PAYOH,3,74,420000,65,10
TOA PAYOH,3,74,370000,64,10
TOA PAYOH,3,65,303000,62,4
TOA PAYOH,3,65,310000,62,10
TOA PAYOH,4,102,418000,64,7
TOA PAYOH,4,101,692000,79,7
TOA PAYOH,4,105,610000,75,10
TOA PAYOH,4,106,548888,75,1
TOA PAYOH,4,103,520000,66,1
TOA PAYOH,4,91,740000,92,13
TOA PAYOH,4,91,745000,92,10
TOA PAYOH,4,91,818000,92,34
TOA PAYOH,4,91,815000,92,31
TOA PAYOH,4,91,835000,92,37
TOA PAYOH,4,99,755000,81,25
TOA PAYOH,4,105,548000,77,1
TOA PAYOH,4,104,730000,77,22
TOA PAYOH,4,102,653000,78,13
TOA PAYOH,4,101,535500,79,4
TOA PAYOH,4,103,508000,78,1
TOA PAYOH,4,82,305000,55,1
TOA PAYOH,4,82,320000,56,4
TOA PAYOH,4,84,520000,79,1
TOA PAYOH,4,104,628000,64,13
TOA PAYOH,4,76,520000,89,7
TOA PAYOH,4,76,585000,89,10
TOA PAYOH,4,91,765000,89,19
TOA PAYOH,4,87,430000,53,10
TOA PAYOH,4,87,400000,53,16
TOA PAYOH,5,113,888000,92,10
TOA PAYOH,5,110,825000,83,10
TOA PAYOH,5,120,742800,78,22
TOA PAYOH,5,136,710000,73,4
TOA PAYOH,5,123,698000,73,10
TOA PAYOH,5,120,545000,79,1
TOA PAYOH,6,145,872000,73,4
TOA PAYOH,6,145,885000,73,7
TOA PAYOH,6,161,865000,64,1
TOA PAYOH,2,44,188000,47,7
TOA PAYOH,3,66,235000,53,7
TOA PAYOH,3,66,235000,53,10
TOA PAYOH,3,65,290000,47,4
TOA PAYOH,3,67,230000,50,7
TOA PAYOH,3,65,285000,52,4
TOA PAYOH,3,66,305000,50,4
TOA PAYOH,3,65,283500,52,1
TOA PAYOH,3,66,235000,52,1
TOA PAYOH,3,67,254000,50,7
TOA PAYOH,3,65,280000,47,1
TOA PAYOH,3,67,280000,50,7
TOA PAYOH,3,65,260000,47,4
TOA PAYOH,3,70,635000,92,4
TOA PAYOH,3,68,265000,50,1
TOA PAYOH,3,68,275000,50,7
TOA PAYOH,3,57,258000,47,4
TOA PAYOH,3,68,295000,52,10
TOA PAYOH,3,67,270000,50,7
TOA PAYOH,3,63,305000,63,13
TOA PAYOH,3,66,223000,50,4
TOA PAYOH,3,66,216000,50,4
TOA PAYOH,3,67,240000,50,1
TOA PAYOH,3,68,253300,49,7
TOA PAYOH,3,66,215000,50,7
TOA PAYOH,3,67,250000,50,4
TOA PAYOH,3,67,235000,49,1
TOA PAYOH,3,65,275000,57,10
TOA PAYOH,3,65,220000,57,4
TOA PAYOH,3,74,442000,64,13
TOA PAYOH,3,74,380000,64,1
TOA PAYOH,3,74,455000,64,7
TOA PAYOH,3,67,230000,51,7
TOA PAYOH,4,91,800000,92,28
TOA PAYOH,4,86,690000,86,28
TOA PAYOH,4,86,642000,86,4
TOA PAYOH,4,100,675000,80,22
TOA PAYOH,4,84,450000,54,22
TOA PAYOH,4,84,470000,54,22
TOA PAYOH,4,82,320000,56,10
TOA PAYOH,4,82,340000,58,16
TOA PAYOH,4,82,330000,57,7
TOA PAYOH,4,93,433000,65,4
TOA PAYOH,4,96,398000,65,10
TOA PAYOH,4,84,420000,54,4
TOA PAYOH,4,76,470000,89,4
TOA PAYOH,4,90,828000,89,40
TOA PAYOH,4,91,588000,89,1
TOA PAYOH,4,81,373000,53,7
TOA PAYOH,5,119,485000,63,10
TOA PAYOH,5,121,570000,69,7
TOA PAYOH,5,117,1030000,92,31
TOA PAYOH,5,110,930000,92,16
TOA PAYOH,5,117,1000000,92,19
TOA PAYOH,5,114,1078000,92,37
TOA PAYOH,5,113,900000,92,16
TOA PAYOH,5,124,868000,80,13
TOA PAYOH,5,110,800000,82,28
TOA PAYOH,5,121,808000,77,7
TOA PAYOH,5,116,870000,81,25
TOA PAYOH,5,120,835000,80,28
TOA PAYOH,5,120,818000,80,7
TOA PAYOH,5,120,653000,78,7
TOA PAYOH,5,121,700000,78,16
TOA PAYOH,5,117,546000,56,22
TOA PAYOH,5,117,538000,56,16
TOA PAYOH,6,146,650000,66,1
TOA PAYOH,2,41,207000,52,4
TOA PAYOH,2,43,182000,47,4
TOA PAYOH,3,77,265000,52,7
TOA PAYOH,3,67,348000,51,4
TOA PAYOH,3,67,245000,50,4
TOA PAYOH,3,65,320000,48,10
TOA PAYOH,3,70,590000,92,4
TOA PAYOH,3,63,248000,50,10
TOA PAYOH,3,63,285000,50,10
TOA PAYOH,3,68,240000,52,4
TOA PAYOH,3,68,300000,52,16
TOA PAYOH,3,68,270000,52,4
TOA PAYOH,3,68,320000,52,10
TOA PAYOH,3,78,355000,52,19
TOA PAYOH,3,67,250000,50,1
TOA PAYOH,3,67,255000,50,4
TOA PAYOH,3,58,228000,49,4
TOA PAYOH,3,68,232000,49,7
TOA PAYOH,3,66,208000,50,7
TOA PAYOH,3,67,220000,49,1
TOA PAYOH,3,68,267000,49,7
TOA PAYOH,3,67,310000,65,4
TOA PAYOH,3,67,288000,64,4
TOA PAYOH,3,67,312500,64,4
TOA PAYOH,3,74,428000,64,4
TOA PAYOH,3,74,413000,64,7
TOA PAYOH,3,74,349000,64,1
TOA PAYOH,3,67,220000,51,7
TOA PAYOH,3,76,350000,62,10
TOA PAYOH,4,103,390000,64,7
TOA PAYOH,4,101,750000,79,13
TOA PAYOH,4,91,830000,92,40
TOA PAYOH,4,91,800000,92,28
TOA PAYOH,4,84,477888,54,1
TOA PAYOH,4,90,575000,82,7
TOA PAYOH,4,101,615000,80,4
TOA PAYOH,4,100,620000,79,7
TOA PAYOH,4,109,588000,73,13
TOA PAYOH,4,104,490000,64,13
TOA PAYOH,4,96,390000,64,7
TOA PAYOH,4,91,760000,89,16
TOA PAYOH,4,84,498000,54,13
TOA PAYOH,4,76,658888,89,13
TOA PAYOH,4,76,690000,89,37
TOA PAYOH,4,91,791000,89,22
TOA PAYOH,4,91,770000,89,13
TOA PAYOH,5,122,570000,69,7
TOA PAYOH,5,110,898000,92,13
TOA PAYOH,5,110,900000,92,7
TOA PAYOH,5,113,825000,92,1
TOA PAYOH,5,110,780000,82,7
TOA PAYOH,5,110,913800,86,34
TOA PAYOH,5,123,706000,73,7
TOA PAYOH,5,123,663888,73,1
TOA PAYOH,5,135,720000,64,13
TOA PAYOH,5,110,915000,89,31
TOA PAYOH,6,146,740000,66,1
TOA PAYOH,3,66,220000,53,1
TOA PAYOH,3,65,308000,52,7
TOA PAYOH,3,67,285000,50,7
TOA PAYOH,3,65,240000,48,4
TOA PAYOH,3,66,280000,52,7
TOA PAYOH,3,65,290000,52,7
TOA PAYOH,3,68,250000,50,4
TOA PAYOH,3,70,610000,92,7
TOA PAYOH,3,63,350000,50,16
TOA PAYOH,3,61,240000,53,1
TOA PAYOH,3,61,251000,53,4
TOA PAYOH,3,67,246800,50,7
TOA PAYOH,3,67,245000,50,4
TOA PAYOH,3,66,228000,50,4
TOA PAYOH,3,67,255000,51,16
TOA PAYOH,3,65,235000,56,10
TOA PAYOH,3,74,378000,64,1
TOA PAYOH,3,67,250000,50,7
TOA PAYOH,3,67,220000,51,10
TOA PAYOH,3,67,240000,50,4
TOA PAYOH,3,65,260000,53,4
TOA PAYOH,3,76,340000,62,7
TOA PAYOH,3,65,298000,62,1
TOA PAYOH,3,57,255000,48,7
TOA PAYOH,4,103,430000,69,7
TOA PAYOH,4,103,520000,66,4
TOA PAYOH,4,91,830000,92,31
TOA PAYOH,4,104,628000,76,7
TOA PAYOH,4,104,630000,77,7
TOA PAYOH,4,84,435000,54,4
TOA PAYOH,4,87,380000,53,4
TOA PAYOH,5,114,993000,92,25
TOA PAYOH,5,114,1150000,92,37
TOA PAYOH,5,124,808000,77,10
TOA PAYOH,5,121,720000,78,16
TOA PAYOH,5,117,525000,55,10
TOA PAYOH,2,40,215000,52,4
TOA PAYOH,2,40,200000,48,1
TOA PAYOH,3,67,240000,50,4
TOA PAYOH,3,65,275000,47,7
TOA PAYOH,3,65,239999,47,4
TOA PAYOH,3,65,320000,52,7
TOA PAYOH,3,64,278000,48,1
TOA PAYOH,3,65,234000,52,1
TOA PAYOH,3,68,200000,52,1
TOA PAYOH,3,63,270000,63,4
TOA PAYOH,3,66,195000,50,1
TOA PAYOH,3,67,185000,49,4
TOA PAYOH,3,65,230000,56,4
TOA PAYOH,3,65,250000,56,7
TOA PAYOH,3,67,305000,64,7
TOA PAYOH,3,74,430000,64,10
TOA PAYOH,3,74,450000,64,13
TOA PAYOH,3,67,240000,50,7
TOA PAYOH,3,65,300000,53,4
TOA PAYOH,3,76,326000,53,7
TOA PAYOH,4,103,430000,68,1
TOA PAYOH,4,104,470000,69,1
TOA PAYOH,4,103,438000,69,4
TOA PAYOH,4,91,813000,92,31
TOA PAYOH,4,91,815000,92,31
TOA PAYOH,4,102,650000,77,10
TOA PAYOH,4,82,295000,55,4
TOA PAYOH,4,82,298000,56,4
TOA PAYOH,4,93,422000,64,1
TOA PAYOH,4,109,615000,64,10
TOA PAYOH,4,104,585000,64,16
TOA PAYOH,4,106,560000,64,4
TOA PAYOH,4,76,515000,89,4
TOA PAYOH,4,76,680000,89,31
TOA PAYOH,4,76,671000,89,34
TOA PAYOH,5,120,585000,68,19
TOA PAYOH,5,136,622000,75,10
TOA PAYOH,5,117,1150000,92,40
TOA PAYOH,5,110,818000,92,1
TOA PAYOH,5,124,925000,81,28
TOA PAYOH,5,110,850000,82,22
TOA PAYOH,5,115,868000,81,10
TOA PAYOH,5,122,830000,73,10
TOA PAYOH,5,120,725000,78,22
TOA PAYOH,5,121,690000,78,10
TOA PAYOH,5,111,900000,89,10
TOA PAYOH,6,155,688000,68,7
TOA PAYOH,3,65,258000,52,4
TOA PAYOH,3,65,295000,47,7
TOA PAYOH,3,65,280000,47,10
TOA PAYOH,3,62,283000,52,7
TOA PAYOH,3,64,200000,48,1
TOA PAYOH,3,68,286500,51,4
TOA PAYOH,3,67,255000,49,10
TOA PAYOH,3,67,245000,49,4
TOA PAYOH,3,67,195000,49,1
TOA PAYOH,3,66,248000,50,10
TOA PAYOH,3,67,200000,49,4
TOA PAYOH,3,67,240000,50,10
TOA PAYOH,3,67,240000,50,7
TOA PAYOH,3,65,205000,50,1
TOA PAYOH,3,67,290000,64,7
TOA PAYOH,3,74,380000,64,4
TOA PAYOH,3,67,250000,50,7
TOA PAYOH,3,65,282888,53,10
TOA PAYOH,3,65,275000,61,4
TOA PAYOH,3,57,228000,48,1
TOA PAYOH,3,57,210000,48,7
TOA PAYOH,4,104,450000,69,1
TOA PAYOH,4,101,600000,79,4
TOA PAYOH,4,91,853000,92,37
TOA PAYOH,4,91,880000,92,40
TOA PAYOH,4,91,800000,92,31
TOA PAYOH,4,104,535000,77,1
TOA PAYOH,4,85,557000,80,4
TOA PAYOH,4,103,665000,77,7
TOA PAYOH,4,84,463000,54,16
TOA PAYOH,4,82,363888,56,13
TOA PAYOH,4,103,530000,64,1
TOA PAYOH,4,87,380000,53,4
TOA PAYOH,5,123,580000,69,4
TOA PAYOH,5,113,890000,92,10
TOA PAYOH,5,117,998888,92,28
TOA PAYOH,5,117,1035000,92,31
TOA PAYOH,5,114,1008000,92,28
TOA PAYOH,5,122,822000,77,13
TOA PAYOH,5,123,618000,73,1
TOA PAYOH,5,117,816000,77,19
TOA PAYOH,5,123,695000,73,10
TOA PAYOH,5,121,703000,78,7
TOA PAYOH,5,120,728000,78,22
TOA PAYOH,5,120,720000,78,19
TOA PAYOH,5,159,840000,64,7
TOA PAYOH,2,40,200000,48,7
TOA PAYOH,2,43,188888,47,10
TOA PAYOH,2,54,190000,47,1
TOA PAYOH,2,43,204000,47,1
TOA PAYOH,3,67,290000,49,10
TOA PAYOH,3,65,238000,52,1
TOA PAYOH,3,65,366000,51,7
TOA PAYOH,3,65,240000,52,1
TOA PAYOH,3,65,255000,47,1
TOA PAYOH,3,65,290000,52,10
TOA PAYOH,3,68,275000,49,7
TOA PAYOH,3,64,238000,48,1
TOA PAYOH,3,66,235000,50,4
TOA PAYOH,3,77,240000,50,7
TOA PAYOH,3,66,230000,50,7
TOA PAYOH,3,65,200000,56,7
TOA PAYOH,3,67,310000,52,1
TOA PAYOH,3,67,255000,50,7
TOA PAYOH,3,65,250000,61,1
TOA PAYOH,3,65,275000,53,4
TOA PAYOH,3,57,240000,48,7
TOA PAYOH,4,103,418000,64,7
TOA PAYOH,4,108,445000,69,1
TOA PAYOH,4,101,779000,79,28
TOA PAYOH,4,101,750000,79,16
TOA PAYOH,4,104,556000,75,4
TOA PAYOH,4,91,835000,92,37
TOA PAYOH,4,91,838000,92,34
TOA PAYOH,4,91,899000,92,37
TOA PAYOH,4,91,835000,92,28
TOA PAYOH,4,91,738000,85,16
TOA PAYOH,4,91,735000,85,25
TOA PAYOH,4,90,658000,82,16
TOA PAYOH,4,84,425000,54,13
TOA PAYOH,4,84,468000,54,22
TOA PAYOH,4,102,635000,77,7
TOA PAYOH,4,82,312000,56,7
TOA PAYOH,4,104,620000,64,10
TOA PAYOH,4,104,512000,64,1
TOA PAYOH,4,87,365000,53,7
TOA PAYOH,4,87,360000,53,10
TOA PAYOH,4,87,408000,53,10
TOA PAYOH,4,81,375000,53,13
TOA PAYOH,5,132,539000,64,4
TOA PAYOH,5,129,612000,68,4
TOA PAYOH,5,128,600000,68,4
TOA PAYOH,5,110,870000,92,4
TOA PAYOH,5,117,1068000,92,37
TOA PAYOH,5,110,828000,92,1
TOA PAYOH,5,113,922000,92,13
TOA PAYOH,5,110,908000,92,13
TOA PAYOH,5,122,822000,76,19
TOA PAYOH,5,119,603000,77,1
TOA PAYOH,5,121,630000,72,10
TOA PAYOH,5,117,525000,56,13
TOA PAYOH,5,119,525000,56,22
TOA PAYOH,6,146,700000,66,1
TOA PAYOH,3,66,215000,53,4
TOA PAYOH,3,67,270000,49,16
TOA PAYOH,3,68,286000,49,10
TOA PAYOH,3,68,225000,49,1
TOA PAYOH,3,70,625000,92,7
TOA PAYOH,3,70,515000,91,1
TOA PAYOH,3,68,295000,51,16
TOA PAYOH,3,64,220000,48,4
TOA PAYOH,3,68,260000,51,10
TOA PAYOH,3,54,200000,47,1
TOA PAYOH,3,62,232000,52,7
TOA PAYOH,3,67,220000,49,10
TOA PAYOH,3,61,225000,52,4
TOA PAYOH,3,67,245000,49,10
TOA PAYOH,3,63,290000,63,16
TOA PAYOH,3,66,235000,50,4
TOA PAYOH,3,66,258000,50,7
TOA PAYOH,3,67,242500,50,10
TOA PAYOH,3,66,218000,50,7
TOA PAYOH,3,67,232000,50,1
TOA PAYOH,3,67,210000,49,4
TOA PAYOH,3,68,205000,49,7
TOA PAYOH,3,65,232000,56,4
TOA PAYOH,3,65,230000,56,10
TOA PAYOH,3,65,238000,56,1
TOA PAYOH,3,67,273000,64,1
TOA PAYOH,3,75,408000,64,7
TOA PAYOH,3,74,375000,64,7
TOA PAYOH,3,67,228000,50,10
TOA PAYOH,3,67,222000,50,1
TOA PAYOH,3,65,295000,61,7
TOA PAYOH,3,76,333000,53,10
TOA PAYOH,3,65,280000,53,10
TOA PAYOH,4,102,410000,63,10
TOA PAYOH,4,104,480000,68,7
TOA PAYOH,4,104,470000,68,4
TOA PAYOH,4,91,765000,91,10
TOA PAYOH,4,91,770000,91,13
TOA PAYOH,4,92,768000,85,22
TOA PAYOH,4,91,685000,82,13
TOA PAYOH,4,91,740000,85,28
TOA PAYOH,4,104,650000,77,13
TOA PAYOH,4,82,355888,55,19
TOA PAYOH,4,82,350000,57,13
TOA PAYOH,4,82,325000,56,7
TOA PAYOH,4,100,428000,64,1
TOA PAYOH,4,76,630000,89,10
TOA PAYOH,4,91,818000,89,28
TOA PAYOH,5,110,890000,92,7
TOA PAYOH,5,110,878888,91,4
TOA PAYOH,5,114,977000,92,31
TOA PAYOH,5,122,820000,77,10
TOA PAYOH,5,121,955000,79,19
TOA PAYOH,5,122,840000,77,22
TOA PAYOH,5,125,748000,73,16
TOA PAYOH,5,123,708000,73,7
TOA PAYOH,5,114,470000,56,4
TOA PAYOH,5,114,516000,55,7
TOA PAYOH,5,117,505000,57,16
TOA PAYOH,5,110,915000,89,16
TOA PAYOH,5,130,660000,53,1
TOA PAYOH,3,66,190000,53,10
TOA PAYOH,3,67,262000,49,7
TOA PAYOH,3,67,282000,49,4
TOA PAYOH,3,67,278888,49,10
TOA PAYOH,3,65,280000,48,4
TOA PAYOH,3,65,231000,47,1
TOA PAYOH,3,67,340000,51,7
TOA PAYOH,3,68,308000,49,13
TOA PAYOH,3,68,298000,51,7
TOA PAYOH,3,62,285000,52,10
TOA PAYOH,3,77,170000,49,1
TOA PAYOH,3,67,258000,49,10
TOA PAYOH,3,66,245000,50,10
TOA PAYOH,3,67,228000,50,7
TOA PAYOH,3,66,210000,50,7
TOA PAYOH,3,77,312500,61,10
TOA PAYOH,3,74,370000,64,4
TOA PAYOH,3,74,390000,64,10
TOA PAYOH,3,64,355000,78,4
TOA PAYOH,3,74,435000,64,4
TOA PAYOH,3,74,450000,64,13
TOA PAYOH,3,67,217000,50,1
TOA PAYOH,3,65,290000,61,4
TOA PAYOH,3,65,296000,53,4
TOA PAYOH,3,57,200000,48,1
TOA PAYOH,4,102,394000,64,4
TOA PAYOH,4,104,442800,68,1
TOA PAYOH,4,91,772000,92,16
TOA PAYOH,4,91,790000,91,16
TOA PAYOH,4,91,750000,92,13
TOA PAYOH,4,91,795000,92,22
TOA PAYOH,4,82,313000,56,4
TOA PAYOH,4,103,573000,77,13
TOA PAYOH,4,82,305000,55,7
TOA PAYOH,4,96,395000,64,7
TOA PAYOH,4,96,440000,64,7
TOA PAYOH,4,102,570000,64,13
TOA PAYOH,4,96,380000,64,4
TOA PAYOH,4,104,605000,64,7
TOA PAYOH,4,91,710000,88,7
TOA PAYOH,4,91,762000,89,16
TOA PAYOH,4,91,806888,88,25
TOA PAYOH,4,90,822000,88,37
TOA PAYOH,4,87,330000,53,4
TOA PAYOH,4,87,378000,53,4
TOA PAYOH,4,87,325000,53,10
TOA PAYOH,5,122,580000,68,4
TOA PAYOH,5,114,940000,92,25
TOA PAYOH,5,113,900000,92,16
TOA PAYOH,5,110,880000,85,22
TOA PAYOH,5,124,890000,80,13
TOA PAYOH,5,110,780000,85,1
TOA PAYOH,5,125,745000,73,19
TOA PAYOH,5,117,520000,57,22
TOA PAYOH,5,110,890000,88,4
TOA PAYOH,6,146,720000,68,7
TOA PAYOH,6,146,620000,66,1
TOA PAYOH,6,146,718000,66,4
TOA PAYOH,2,42,180000,47,1
TOA PAYOH,2,43,215000,47,10
TOA PAYOH,3,66,210000,53,4
TOA PAYOH,3,65,285000,52,4
TOA PAYOH,3,65,280000,52,7
TOA PAYOH,3,63,240000,49,7
TOA PAYOH,3,68,275000,49,10
TOA PAYOH,3,68,221800,49,1
TOA PAYOH,3,60,222000,47,1
TOA PAYOH,3,64,225000,48,7
TOA PAYOH,3,67,260000,49,10
TOA PAYOH,3,67,260000,49,10
TOA PAYOH,3,68,228000,48,13
TOA PAYOH,3,67,239000,49,10
TOA PAYOH,3,66,242000,50,4
TOA PAYOH,3,67,245000,50,16
TOA PAYOH,3,67,246000,50,1
TOA PAYOH,3,65,240000,56,4
TOA PAYOH,3,65,230000,55,1
TOA PAYOH,3,66,228000,61,4
TOA PAYOH,3,67,295000,64,1
TOA PAYOH,3,74,400000,64,4
TOA PAYOH,3,74,360000,64,1
TOA PAYOH,3,74,370000,64,4
TOA PAYOH,3,67,308000,52,1
TOA PAYOH,3,67,342000,52,1
TOA PAYOH,3,67,222000,50,7
TOA PAYOH,4,104,485000,68,4
TOA PAYOH,4,91,838000,91,22
TOA PAYOH,4,84,495000,54,7
TOA PAYOH,4,91,785000,85,31
TOA PAYOH,4,91,765000,85,28
TOA PAYOH,4,106,660000,76,7
TOA PAYOH,4,110,563000,72,4
TOA PAYOH,4,102,550000,77,4
TOA PAYOH,4,82,318000,57,7
TOA PAYOH,4,82,335000,55,7
TOA PAYOH,4,91,740000,88,10
TOA PAYOH,4,92,725000,88,7
TOA PAYOH,4,91,715000,88,10
TOA PAYOH,4,76,630000,88,13
TOA PAYOH,4,76,607000,88,13
TOA PAYOH,4,84,495000,54,13
TOA PAYOH,5,114,1065000,91,28
TOA PAYOH,5,114,918000,91,19
TOA PAYOH,5,113,895000,91,7
TOA PAYOH,5,124,943000,79,19
TOA PAYOH,5,110,838000,85,22
TOA PAYOH,5,122,888000,76,19
TOA PAYOH,5,121,750000,78,22
TOA PAYOH,5,114,500000,55,13
TOA PAYOH,5,119,488000,57,1
TOA PAYOH,5,114,460000,55,7
TOA PAYOH,5,119,480000,55,7
TOA PAYOH,6,146,645000,68,4
TOA PAYOH,6,146,696000,68,7
TOA PAYOH,2,40,190000,48,7
TOA PAYOH,2,40,181000,47,1
TOA PAYOH,2,54,195000,46,7
TOA PAYOH,3,66,216000,53,7
TOA PAYOH,3,66,228000,53,7
TOA PAYOH,3,66,225000,53,10
TOA PAYOH,3,66,213888,53,7
TOA PAYOH,3,65,258000,46,1
TOA PAYOH,3,67,280000,51,1
TOA PAYOH,3,65,258888,52,4
TOA PAYOH,3,65,270000,51,1
TOA PAYOH,3,66,245000,52,4
TOA PAYOH,3,65,199000,46,1
TOA PAYOH,3,66,268888,49,1
TOA PAYOH,3,64,233000,47,1
TOA PAYOH,3,65,280000,47,10
TOA PAYOH,3,68,255000,49,4
TOA PAYOH,3,68,235000,51,10
TOA PAYOH,3,68,260000,51,10
TOA PAYOH,3,62,250000,52,7
TOA PAYOH,3,60,200880,46,4
TOA PAYOH,3,67,245000,49,10
TOA PAYOH,3,67,236000,50,4
TOA PAYOH,3,68,237000,48,7
TOA PAYOH,3,67,238000,50,13
TOA PAYOH,3,67,222000,50,1
TOA PAYOH,3,65,235000,56,10
TOA PAYOH,3,65,222000,56,10
TOA PAYOH,3,83,430000,64,13
TOA PAYOH,3,74,407000,64,1
TOA PAYOH,3,74,395000,64,1
TOA PAYOH,3,64,340000,52,4
TOA PAYOH,3,76,320000,53,7
TOA PAYOH,3,65,280000,53,10
TOA PAYOH,3,57,225000,47,1
TOA PAYOH,4,106,430000,63,10
TOA PAYOH,4,104,455000,68,1
TOA PAYOH,4,91,780000,85,37
TOA PAYOH,4,92,768888,85,28
TOA PAYOH,4,91,747000,85,19
TOA PAYOH,4,84,473000,54,22
TOA PAYOH,4,109,500000,72,1
TOA PAYOH,4,82,305000,55,7
TOA PAYOH,4,76,663888,88,25
TOA PAYOH,4,91,808000,88,28
TOA PAYOH,4,76,623000,88,7
TOA PAYOH,4,91,765000,88,19
TOA PAYOH,4,87,380000,53,7
TOA PAYOH,4,81,363000,53,4
TOA PAYOH,5,123,700000,66,16
TOA PAYOH,5,110,845000,85,7
TOA PAYOH,5,124,660000,76,1
TOA PAYOH,5,123,678000,72,4
TOA PAYOH,5,125,650000,72,7
TOA PAYOH,5,117,510000,55,22
TOA PAYOH,6,146,600000,68,1
TOA PAYOH,2,44,197000,46,4
TOA PAYOH,3,66,215000,52,4
TOA PAYOH,3,67,220000,49,4
TOA PAYOH,3,67,277500,49,10
TOA PAYOH,3,66,230000,51,7
TOA PAYOH,3,67,180000,49,1
TOA PAYOH,3,65,336000,51,4
TOA PAYOH,3,65,256000,47,4
TOA PAYOH,3,68,288000,51,16
TOA PAYOH,3,65,220000,46,7
TOA PAYOH,3,67,239500,48,1
TOA PAYOH,3,67,245000,48,7
TOA PAYOH,3,66,233000,49,10
TOA PAYOH,3,65,230000,56,4
TOA PAYOH,3,65,215000,56,4
TOA PAYOH,3,67,318000,64,1
TOA PAYOH,3,74,385000,63,10
TOA PAYOH,3,74,410000,63,1
TOA PAYOH,3,74,383888,63,7
TOA PAYOH,3,67,260000,50,7
TOA PAYOH,3,67,211000,50,1
TOA PAYOH,3,76,325000,61,10
TOA PAYOH,3,59,240000,52,7
TOA PAYOH,4,91,855000,91,34
TOA PAYOH,4,101,763000,78,16
TOA PAYOH,4,101,630000,79,4
TOA PAYOH,4,86,545000,85,1
TOA PAYOH,4,104,582000,77,7
TOA PAYOH,4,102,555000,77,7
TOA PAYOH,4,82,350000,55,13
TOA PAYOH,4,82,290000,55,7
TOA PAYOH,4,96,420000,64,7
TOA PAYOH,4,96,412000,64,4
TOA PAYOH,4,76,645000,88,16
TOA PAYOH,4,91,760000,88,16
TOA PAYOH,4,91,722000,88,7
TOA PAYOH,4,87,300000,52,1
TOA PAYOH,4,87,337000,52,4
TOA PAYOH,5,132,550000,63,7
TOA PAYOH,5,125,555000,68,4
TOA PAYOH,5,121,595000,68,4
TOA PAYOH,5,117,1050000,91,31
TOA PAYOH,5,117,1050000,91,40
TOA PAYOH,5,113,835000,91,4
TOA PAYOH,5,120,718000,77,19
TOA PAYOH,5,117,480000,55,7
TOA PAYOH,5,117,520000,55,22
TOA PAYOH,6,146,718000,68,4
TOA PAYOH,6,146,755000,66,7
TOA PAYOH,6,166,850000,63,1
TOA PAYOH,3,66,198000,52,1
TOA PAYOH,3,68,250000,49,7
TOA PAYOH,3,65,290000,46,7
TOA PAYOH,3,67,220000,49,1
TOA PAYOH,3,67,308000,49,4
TOA PAYOH,3,66,220000,51,7
TOA PAYOH,3,65,265000,51,4
TOA PAYOH,3,68,276000,51,19
TOA PAYOH,3,68,222000,51,4
TOA PAYOH,3,62,282000,52,10
TOA PAYOH,3,66,260000,46,4
TOA PAYOH,3,64,238000,48,4
TOA PAYOH,3,68,225000,47,4
TOA PAYOH,3,68,230000,47,7
TOA PAYOH,3,67,223000,49,4
TOA PAYOH,3,67,212000,48,7
TOA PAYOH,3,67,208000,48,1
TOA PAYOH,3,66,215000,49,1
TOA PAYOH,3,67,242000,48,7
TOA PAYOH,3,67,228000,50,7
TOA PAYOH,3,68,218000,48,1
TOA PAYOH,3,65,210000,55,1
TOA PAYOH,3,65,235000,55,4
TOA PAYOH,3,65,238000,55,7
TOA PAYOH,3,65,235000,56,10
TOA PAYOH,3,65,225000,55,4
TOA PAYOH,3,81,380000,63,1
TOA PAYOH,3,74,378000,64,10
TOA PAYOH,3,67,326000,64,4
TOA PAYOH,3,64,358000,78,1
TOA PAYOH,3,67,305000,64,1
TOA PAYOH,3,67,223000,49,1
TOA PAYOH,3,67,236000,50,4
TOA PAYOH,3,67,240000,49,4
TOA PAYOH,3,65,250000,52,4
TOA PAYOH,4,103,495000,68,4
TOA PAYOH,4,104,465000,68,4
TOA PAYOH,4,91,825000,91,31
TOA PAYOH,4,86,680000,85,7
TOA PAYOH,4,101,660000,78,10
TOA PAYOH,4,107,670000,76,10
TOA PAYOH,4,86,735000,85,22
TOA PAYOH,4,84,445000,53,7
TOA PAYOH,4,105,638000,76,7
TOA PAYOH,4,104,590000,76,10
TOA PAYOH,4,104,648000,76,7
TOA PAYOH,4,104,560000,77,1
TOA PAYOH,4,82,343000,55,10
TOA PAYOH,4,82,318000,55,19
TOA PAYOH,4,82,300000,54,4
TOA PAYOH,4,100,435000,64,4
TOA PAYOH,4,84,465000,53,7
TOA PAYOH,4,92,758000,88,10
TOA PAYOH,4,87,373998,52,10
TOA PAYOH,4,87,360000,52,13
TOA PAYOH,5,120,518000,67,4
TOA PAYOH,5,114,938000,91,22
TOA PAYOH,5,117,895000,91,22
TOA PAYOH,5,110,880000,91,10
TOA PAYOH,5,114,878000,91,19
TOA PAYOH,5,110,900000,85,16
TOA PAYOH,5,124,875000,81,28
TOA PAYOH,5,122,838000,76,19
TOA PAYOH,5,122,888000,76,19
TOA PAYOH,5,120,760000,77,19
TOA PAYOH,5,114,488000,55,10
TOA PAYOH,5,135,728000,63,7
TOA PAYOH,5,134,645000,63,1
TOA PAYOH,6,146,728000,65,4
TOA PAYOH,2,40,227000,51,7
TOA PAYOH,2,42,181000,46,1
TOA PAYOH,2,43,190000,46,1
TOA PAYOH,3,66,214500,52,1
TOA PAYOH,3,65,255500,46,4
TOA PAYOH,3,67,300000,49,13
TOA PAYOH,3,67,290000,50,7
TOA PAYOH,3,76,365000,51,10
TOA PAYOH,3,65,200000,46,4
TOA PAYOH,3,70,645000,91,7
TOA PAYOH,3,68,270000,51,10
TOA PAYOH,3,60,228000,46,4
TOA PAYOH,3,68,280000,51,19
TOA PAYOH,3,78,285000,51,16
TOA PAYOH,3,68,265000,51,4
TOA PAYOH,3,63,258000,62,13
TOA PAYOH,3,63,270000,62,4
TOA PAYOH,3,67,245000,49,7
TOA PAYOH,3,66,270000,49,7
TOA PAYOH,3,67,238000,48,10
TOA PAYOH,3,66,238000,61,10
TOA PAYOH,3,67,360000,64,10
TOA PAYOH,3,80,386000,63,1
TOA PAYOH,3,74,420000,63,7
TOA PAYOH,3,74,430000,63,10
TOA PAYOH,3,67,228000,50,1
TOA PAYOH,3,67,230000,50,7
TOA PAYOH,3,67,235000,50,1
TOA PAYOH,3,65,295000,61,7
TOA PAYOH,4,103,360000,63,7
TOA PAYOH,4,103,440000,68,1
TOA PAYOH,4,105,480000,74,1
TOA PAYOH,4,101,550000,78,1
TOA PAYOH,4,91,795000,91,13
TOA PAYOH,4,91,753000,91,13
TOA PAYOH,4,91,842000,91,37
TOA PAYOH,4,99,750000,80,28
TOA PAYOH,4,92,778000,85,28
TOA PAYOH,4,84,450000,53,10
TOA PAYOH,4,106,618000,77,16
TOA PAYOH,4,82,328000,55,7
TOA PAYOH,4,82,340000,54,7
TOA PAYOH,4,82,330000,55,16
TOA PAYOH,4,82,330000,55,4
TOA PAYOH,4,82,275000,55,1
TOA PAYOH,4,103,520000,63,4
TOA PAYOH,4,96,385000,64,4
TOA PAYOH,4,100,416000,64,1
TOA PAYOH,4,106,505666,63,4
TOA PAYOH,4,104,528000,63,1
TOA PAYOH,4,91,780000,88,19
TOA PAYOH,4,76,670000,88,34
TOA PAYOH,4,92,745000,88,4
TOA PAYOH,4,92,565000,88,1
TOA PAYOH,4,76,630000,88,13
TOA PAYOH,4,76,700000,88,37
TOA PAYOH,4,87,410000,52,7
TOA PAYOH,4,87,300000,52,1
TOA PAYOH,4,87,360000,52,13
TOA PAYOH,4,87,315000,52,1
TOA PAYOH,5,114,980000,91,25
TOA PAYOH,5,110,903000,91,7
TOA PAYOH,5,113,800000,91,1
TOA PAYOH,5,110,660000,85,4
TOA PAYOH,5,110,793000,81,4
TOA PAYOH,5,110,890000,85,25
TOA PAYOH,5,124,850000,76,10
TOA PAYOH,5,120,825000,79,16
TOA PAYOH,5,121,696000,77,16
TOA PAYOH,5,120,738000,77,13
TOA PAYOH,5,117,515000,56,22
TOA PAYOH,5,114,500800,55,25
TOA PAYOH,5,117,520000,54,16
TOA PAYOH,6,153,759000,68,4
TOA PAYOH,6,146,640000,65,1
TOA PAYOH,5,120,835000,79,28
TOA PAYOH,2,45,200000,47,1
TOA PAYOH,2,40,210000,47,10
TOA PAYOH,3,65,262500,46,7
TOA PAYOH,3,67,280000,49,4
TOA PAYOH,3,67,355000,50,10
TOA PAYOH,3,67,290000,49,10
TOA PAYOH,3,65,235000,47,4
TOA PAYOH,3,63,266000,49,7
TOA PAYOH,3,68,250000,49,13
TOA PAYOH,3,60,235000,46,4
TOA PAYOH,3,68,233000,47,7
TOA PAYOH,3,67,235000,49,4
TOA PAYOH,3,67,280000,49,7
TOA PAYOH,3,67,222000,49,4
TOA PAYOH,3,67,280000,50,10
TOA PAYOH,3,67,248000,50,13
TOA PAYOH,3,68,225000,48,4
TOA PAYOH,3,67,225000,49,1
TOA PAYOH,3,66,208000,49,1
TOA PAYOH,3,67,192500,49,1
TOA PAYOH,3,66,203000,49,1
TOA PAYOH,3,74,390000,63,7
TOA PAYOH,3,74,386000,63,1
TOA PAYOH,3,67,305000,63,4
TOA PAYOH,3,74,378000,63,1
TOA PAYOH,3,81,357800,63,1
TOA PAYOH,3,74,390000,63,4
TOA PAYOH,3,67,218888,50,7
TOA PAYOH,3,67,250000,50,7
TOA PAYOH,3,67,238000,50,10
TOA PAYOH,3,65,228000,52,4
TOA PAYOH,3,65,288000,61,7
TOA PAYOH,3,65,275000,61,7
TOA PAYOH,3,65,268000,52,7
TOA PAYOH,3,65,270888,52,10
TOA PAYOH,3,65,270000,52,10
TOA PAYOH,3,76,351000,52,4
TOA PAYOH,3,65,250000,52,4
TOA PAYOH,3,59,200000,52,1
TOA PAYOH,3,57,225000,47,10
TOA PAYOH,4,108,448000,68,1
TOA PAYOH,4,100,665000,78,4
TOA PAYOH,4,91,725000,85,7
TOA PAYOH,4,91,728000,85,16
TOA PAYOH,4,90,638000,81,10
TOA PAYOH,4,82,283000,55,1
TOA PAYOH,4,100,405000,64,1
TOA PAYOH,4,96,422000,63,4
TOA PAYOH,4,104,590000,63,7
TOA PAYOH,4,104,512000,63,1
TOA PAYOH,4,84,468000,53,7
TOA PAYOH,4,84,480000,53,13
TOA PAYOH,4,91,755000,88,13
TOA PAYOH,4,87,350000,52,4
TOA PAYOH,5,119,508000,62,7
TOA PAYOH,5,119,495000,62,16
TOA PAYOH,5,132,550000,63,16
TOA PAYOH,5,117,984000,91,22
TOA PAYOH,5,114,975000,91,25
TOA PAYOH,5,117,1016888,91,31
TOA PAYOH,5,114,993888,91,37
TOA PAYOH,5,113,750000,91,4
TOA PAYOH,5,122,920000,76,25
TOA PAYOH,5,114,550000,55,19
TOA PAYOH,5,117,508000,54,16
TOA PAYOH,5,117,500000,54,22
TOA PAYOH,5,114,485000,55,7
TOA PAYOH,6,146,740000,68,10
TOA PAYOH,2,42,178000,46,1
TOA PAYOH,2,43,188000,62,7
TOA PAYOH,3,66,210000,52,4
TOA PAYOH,3,65,310000,51,10
TOA PAYOH,3,67,272000,49,7
TOA PAYOH,3,65,235000,46,1
TOA PAYOH,3,65,290000,51,4
TOA PAYOH,3,67,228000,49,7
TOA PAYOH,3,68,268000,49,4
TOA PAYOH,3,68,270000,49,10
TOA PAYOH,3,78,300000,51,7
TOA PAYOH,3,78,305000,51,7
TOA PAYOH,3,64,205000,48,1
TOA PAYOH,3,72,265000,48,10
TOA PAYOH,3,67,270000,49,7
TOA PAYOH,3,67,223800,49,7
TOA PAYOH,3,67,255000,49,7
TOA PAYOH,3,66,200000,49,7
TOA PAYOH,3,67,220000,48,7
TOA PAYOH,3,65,230000,56,4
TOA PAYOH,3,65,235000,55,4
TOA PAYOH,3,67,308000,63,10
TOA PAYOH,3,74,418000,63,7
TOA PAYOH,3,74,400000,63,7
TOA PAYOH,3,67,235000,50,4
TOA PAYOH,3,65,255000,52,10
TOA PAYOH,3,57,210000,47,4
TOA PAYOH,3,57,240000,47,4
TOA PAYOH,4,103,422000,63,7
TOA PAYOH,4,106,425000,63,7
TOA PAYOH,4,105,485000,67,7
TOA PAYOH,4,105,423888,68,1
TOA PAYOH,4,91,762000,85,28
TOA PAYOH,4,86,555088,80,10
TOA PAYOH,4,105,750000,76,19
TOA PAYOH,4,91,728000,85,10
TOA PAYOH,4,100,550000,78,1
TOA PAYOH,4,101,573000,77,13
TOA PAYOH,4,82,318000,55,13
TOA PAYOH,4,96,438000,63,4
TOA PAYOH,4,96,428000,63,13
TOA PAYOH,4,76,663000,88,22
TOA PAYOH,4,91,775000,88,19
TOA PAYOH,4,87,358000,52,7
TOA PAYOH,4,87,390000,52,19
TOA PAYOH,5,123,545000,62,16
TOA PAYOH,5,122,608000,68,4
TOA PAYOH,5,122,600000,68,7
TOA PAYOH,5,122,615000,68,10
TOA PAYOH,5,110,908000,91,16
TOA PAYOH,5,114,960000,91,19
TOA PAYOH,5,121,828000,79,4
TOA PAYOH,5,115,860000,80,10
TOA PAYOH,5,115,845000,80,13
TOA PAYOH,5,123,600000,72,1
TOA PAYOH,5,117,508880,55,10
TOA PAYOH,5,114,510000,54,25
TOA PAYOH,5,158,970000,63,10
TOA PAYOH,6,146,730000,68,4
TOA PAYOH,6,146,680000,65,1
TOA PAYOH,6,161,935000,63,1
TOA PAYOH,6,161,863000,63,1
TOA PAYOH,3,67,223000,50,1
TOA PAYOH,2,40,200000,47,7
TOA PAYOH,2,40,188000,47,1
TOA PAYOH,2,43,165000,46,1
TOA PAYOH,2,43,150000,62,1
TOA PAYOH,3,66,200000,52,4
TOA PAYOH,3,66,220000,52,7
TOA PAYOH,3,66,275000,49,10
TOA PAYOH,3,66,290000,49,10
TOA PAYOH,3,67,265000,49,4
TOA PAYOH,3,64,235000,47,1
TOA PAYOH,3,65,235000,51,4
TOA PAYOH,3,66,245000,51,10
TOA PAYOH,3,65,260000,51,7
TOA PAYOH,3,62,235000,52,7
TOA PAYOH,3,58,215000,48,4
TOA PAYOH,3,67,220000,49,10
TOA PAYOH,3,65,212000,55,1
TOA PAYOH,3,74,398000,63,13
TOA PAYOH,3,67,315000,63,7
TOA PAYOH,3,67,280000,63,4
TOA PAYOH,3,67,325000,63,13
TOA PAYOH,3,74,350000,63,1
TOA PAYOH,3,74,418000,63,13
TOA PAYOH,3,67,232000,50,7
TOA PAYOH,3,67,228000,50,4
TOA PAYOH,3,65,256000,52,7
TOA PAYOH,4,103,500000,68,7
TOA PAYOH,4,105,470000,68,1
TOA PAYOH,4,91,838000,91,25
TOA PAYOH,4,91,830000,91,34
TOA PAYOH,4,90,640188,81,10
TOA PAYOH,4,90,643000,81,4
TOA PAYOH,4,102,640000,76,19
TOA PAYOH,4,104,540000,77,1
TOA PAYOH,4,82,308000,54,7
TOA PAYOH,4,82,320000,55,10
TOA PAYOH,4,82,328000,55,4
TOA PAYOH,4,93,420000,63,7
TOA PAYOH,4,96,425088,63,1
TOA PAYOH,4,103,510000,63,1
TOA PAYOH,4,103,538000,63,1
TOA PAYOH,4,87,340000,52,4
TOA PAYOH,4,87,320000,52,4
TOA PAYOH,4,87,370000,52,10
TOA PAYOH,5,123,520000,62,10
TOA PAYOH,5,125,538000,68,1
TOA PAYOH,5,114,1008888,91,31
TOA PAYOH,5,113,880000,91,7
TOA PAYOH,5,126,880000,81,25
TOA PAYOH,5,121,780000,75,10
TOA PAYOH,5,121,670000,72,7
TOA PAYOH,5,114,495000,55,7
TOA PAYOH,6,155,630000,67,1
TOA PAYOH,6,144,1025000,72,13
TOA PAYOH,2,41,215000,50,4
TOA PAYOH,2,43,180000,46,4
TOA PAYOH,3,68,236000,48,4
TOA PAYOH,3,65,228000,46,7
TOA PAYOH,3,66,210000,48,1
TOA PAYOH,3,63,270000,48,7
TOA PAYOH,3,60,257000,46,4
TOA PAYOH,3,68,265000,50,16
TOA PAYOH,3,61,222000,51,7
TOA PAYOH,3,74,365000,63,1
TOA PAYOH,3,74,385000,63,7
TOA PAYOH,3,67,308000,63,10
TOA PAYOH,3,74,378000,63,10
TOA PAYOH,3,67,300000,63,4
TOA PAYOH,3,67,250000,51,1
TOA PAYOH,3,67,140000,49,10
TOA PAYOH,3,65,268000,52,10
TOA PAYOH,4,103,465000,67,1
TOA PAYOH,4,91,765000,84,25
TOA PAYOH,4,101,625000,80,4
TOA PAYOH,4,91,620000,84,4
TOA PAYOH,4,82,280000,55,1
TOA PAYOH,4,103,585000,63,7
TOA PAYOH,4,104,560000,63,4
TOA PAYOH,4,92,737000,88,7
TOA PAYOH,4,91,788000,88,25
TOA PAYOH,4,76,595000,88,25
TOA PAYOH,4,81,378888,52,13
TOA PAYOH,4,81,388000,52,10
TOA PAYOH,4,87,360000,52,10
TOA PAYOH,5,132,550000,74,1
TOA PAYOH,5,120,688000,65,16
TOA PAYOH,5,120,675000,65,10
TOA PAYOH,5,121,950000,78,19
TOA PAYOH,5,122,765000,80,4
TOA PAYOH,5,117,520000,54,13
TOA PAYOH,5,119,500000,55,7
TOA PAYOH,5,117,470000,55,4
TOA PAYOH,5,117,520000,55,10
TOA PAYOH,3,65,250000,47,7
TOA PAYOH,3,66,225000,51,10
TOA PAYOH,3,65,238000,46,4
TOA PAYOH,3,68,275000,48,10
TOA PAYOH,3,66,222000,48,4
TOA PAYOH,3,70,625000,91,7
TOA PAYOH,3,68,280000,50,7
TOA PAYOH,3,66,224000,49,1
TOA PAYOH,3,66,213500,49,4
TOA PAYOH,3,66,190000,49,1
TOA PAYOH,3,65,228000,55,10
TOA PAYOH,3,65,225000,55,4
TOA PAYOH,3,74,382000,63,4
TOA PAYOH,3,64,378000,77,1
TOA PAYOH,3,74,375000,63,4
TOA PAYOH,3,74,385000,63,4
TOA PAYOH,3,74,363888,63,1
TOA PAYOH,3,67,222000,49,1
TOA PAYOH,3,65,260000,52,10
TOA PAYOH,3,65,240000,52,1
TOA PAYOH,3,57,228000,47,7
TOA PAYOH,4,103,380000,63,10
TOA PAYOH,4,103,410000,62,1
TOA PAYOH,4,103,430000,63,7
TOA PAYOH,4,103,440000,68,1
TOA PAYOH,4,104,500000,67,7
TOA PAYOH,4,91,815000,91,28
TOA PAYOH,4,91,805000,91,28
TOA PAYOH,4,91,765000,84,19
TOA PAYOH,4,86,650000,84,7
TOA PAYOH,4,100,645000,78,7
TOA PAYOH,4,85,560000,79,7
TOA PAYOH,4,100,604898,78,4
TOA PAYOH,4,106,580000,77,7
TOA PAYOH,4,106,560000,77,10
TOA PAYOH,4,82,328000,55,16
TOA PAYOH,4,82,328000,54,16
TOA PAYOH,4,93,410000,63,7
TOA PAYOH,4,104,570000,63,4
TOA PAYOH,4,103,610000,63,4
TOA PAYOH,4,92,730000,88,7
TOA PAYOH,4,81,355000,52,10
TOA PAYOH,5,122,580000,67,1
TOA PAYOH,5,110,950000,91,16
TOA PAYOH,5,110,935000,91,13
TOA PAYOH,5,110,810000,91,1
TOA PAYOH,5,113,810000,91,1
TOA PAYOH,5,122,828000,76,13
TOA PAYOH,5,120,845000,78,28
TOA PAYOH,5,114,480000,54,19
TOA PAYOH,2,50,198000,62,7
TOA PAYOH,3,68,258000,48,4
TOA PAYOH,3,68,238000,48,10
TOA PAYOH,3,62,220000,51,7
TOA PAYOH,3,66,208000,48,1
TOA PAYOH,3,66,245000,60,10
TOA PAYOH,3,74,372000,63,1
TOA PAYOH,3,74,372000,63,4
TOA PAYOH,3,65,260000,52,7
TOA PAYOH,3,57,215000,47,7
TOA PAYOH,3,57,190000,47,1
TOA PAYOH,4,91,830000,91,37
TOA PAYOH,5,127,588888,67,1
TOA PAYOH,2,40,200000,50,10
TOA PAYOH,3,66,211000,52,10
TOA PAYOH,3,78,318000,48,13
TOA PAYOH,3,68,268000,50,16
TOA PAYOH,3,67,340000,63,4
TOA PAYOH,4,101,535000,76,7
TOA PAYOH,4,93,420000,63,7
TOA PAYOH,4,93,420000,63,7
TOA PAYOH,5,123,500000,62,4
TOA PAYOH,5,122,560000,67,1
TOA PAYOH,5,124,742000,72,16
TOA PAYOH,5,146,862500,63,13
TOA PAYOH,3,66,233000,48,1
TOA PAYOH,3,65,250000,47,7
TOA PAYOH,3,65,340000,47,4
TOA PAYOH,3,65,255000,47,4
TOA PAYOH,3,65,225000,46,4
TOA PAYOH,3,65,300000,50,7
TOA PAYOH,3,65,235000,51,10
TOA PAYOH,3,64,215000,47,4
TOA PAYOH,3,68,216000,47,1
TOA PAYOH,3,68,238000,47,13
TOA PAYOH,3,68,230000,47,19
TOA PAYOH,3,63,250000,62,13
TOA PAYOH,3,58,218000,47,7
TOA PAYOH,3,68,225000,48,4
TOA PAYOH,3,66,212000,49,7
TOA PAYOH,3,67,255000,49,10
TOA PAYOH,3,67,320000,63,10
TOA PAYOH,3,67,280000,63,1
TOA PAYOH,3,67,280000,63,4
TOA PAYOH,3,74,382000,63,10
TOA PAYOH,3,74,370000,63,4
TOA PAYOH,3,74,460000,63,10
TOA PAYOH,3,67,250000,63,1
TOA PAYOH,3,67,235000,49,1
TOA PAYOH,3,65,260000,52,10
TOA PAYOH,3,65,256000,52,1
TOA PAYOH,3,65,280000,60,4
TOA PAYOH,3,57,220000,47,7
TOA PAYOH,4,113,495000,63,4
TOA PAYOH,4,104,430000,67,1
TOA PAYOH,4,100,730000,78,13
TOA PAYOH,4,104,707000,77,7
TOA PAYOH,4,91,839000,90,40
TOA PAYOH,4,91,760000,90,25
TOA PAYOH,4,91,860000,91,34
TOA PAYOH,4,86,722800,84,31
TOA PAYOH,4,91,736000,84,28
TOA PAYOH,4,92,760000,84,22
TOA PAYOH,4,91,752000,84,22
TOA PAYOH,4,86,755000,84,25
TOA PAYOH,4,106,515000,77,4
TOA PAYOH,4,82,362888,55,13
TOA PAYOH,4,101,550000,76,4
TOA PAYOH,4,82,300000,55,13
TOA PAYOH,4,82,348000,53,16
TOA PAYOH,4,93,555000,77,4
TOA PAYOH,4,93,380000,63,1
TOA PAYOH,4,104,588000,63,7
TOA PAYOH,4,103,548000,63,1
TOA PAYOH,4,103,510000,63,1
TOA PAYOH,4,92,735000,88,7
TOA PAYOH,4,91,715000,88,31
TOA PAYOH,4,91,778000,87,28
TOA PAYOH,4,81,370000,52,13
TOA PAYOH,5,120,698000,65,10
TOA PAYOH,5,117,1038000,90,31
TOA PAYOH,5,114,992000,90,37
TOA PAYOH,5,122,855000,76,19
TOA PAYOH,5,110,900000,84,19
TOA PAYOH,5,116,660000,79,4
TOA PAYOH,5,115,805000,79,10
TOA PAYOH,5,121,776500,75,7
TOA PAYOH,5,123,665000,72,7
TOA PAYOH,5,123,682000,72,4
TOA PAYOH,5,123,668000,71,4
TOA PAYOH,5,124,608888,71,1
TOA PAYOH,5,117,475000,54,4
TOA PAYOH,5,117,515000,55,19
TOA PAYOH,5,117,510000,54,19
TOA PAYOH,5,119,528000,55,22
TOA PAYOH,5,135,750000,63,4
TOA PAYOH,5,110,923000,87,19
TOA PAYOH,3,66,235000,49,7
TOA PAYOH,3,67,250000,49,10
TOA PAYOH,2,41,218000,50,7
TOA PAYOH,2,43,185000,46,7
TOA PAYOH,2,43,190000,62,10
TOA PAYOH,3,66,220000,52,7
TOA PAYOH,3,65,220000,47,1
TOA PAYOH,3,65,250000,51,4
TOA PAYOH,3,65,250000,51,1
TOA PAYOH,3,67,273000,48,10
TOA PAYOH,3,67,260000,50,1
TOA PAYOH,3,65,255000,51,10
TOA PAYOH,3,66,270000,48,10
TOA PAYOH,3,65,283000,50,1
TOA PAYOH,3,76,285000,51,1
TOA PAYOH,3,62,248000,48,4
TOA PAYOH,3,68,230000,47,4
TOA PAYOH,3,65,230000,46,10
TOA PAYOH,3,61,228000,51,7
TOA PAYOH,3,68,205000,46,10
TOA PAYOH,3,63,258000,62,13
TOA PAYOH,3,73,283000,62,10
TOA PAYOH,3,67,245000,47,10
TOA PAYOH,3,66,220000,49,10
TOA PAYOH,3,67,230000,47,4
TOA PAYOH,3,65,237000,55,7
TOA PAYOH,3,65,240000,55,7
TOA PAYOH,3,76,265000,55,10
TOA PAYOH,3,65,237000,55,10
TOA PAYOH,3,74,358000,63,4
TOA PAYOH,3,67,280000,63,4
TOA PAYOH,3,67,310000,63,13
TOA PAYOH,3,74,375000,63,4
TOA PAYOH,3,74,390000,63,4
TOA PAYOH,3,67,220000,49,7
TOA PAYOH,3,67,230000,49,1
TOA PAYOH,3,67,225000,49,10
TOA PAYOH,3,65,260000,52,10
TOA PAYOH,3,65,280000,60,1
TOA PAYOH,3,76,320000,52,7
TOA PAYOH,3,65,240000,52,1
TOA PAYOH,3,57,208000,47,1
TOA PAYOH,3,57,212000,47,1
TOA PAYOH,3,57,225000,46,7
TOA PAYOH,3,57,210000,46,7
TOA PAYOH,4,113,495000,62,13
TOA PAYOH,4,91,803000,90,22
TOA PAYOH,4,85,565000,79,10
TOA PAYOH,4,105,630000,75,10
TOA PAYOH,4,84,480000,53,22
TOA PAYOH,4,104,660000,75,10
TOA PAYOH,4,106,572000,77,7
TOA PAYOH,4,106,606000,77,16
TOA PAYOH,4,82,310000,55,10
TOA PAYOH,4,82,320000,54,7
TOA PAYOH,4,82,336000,53,16
TOA PAYOH,4,82,330000,54,16
TOA PAYOH,4,82,328000,56,16
TOA PAYOH,4,100,437889,63,7
TOA PAYOH,4,93,438000,63,10
TOA PAYOH,4,93,440000,63,7
TOA PAYOH,4,111,550000,63,1
TOA PAYOH,4,92,758888,87,7
TOA PAYOH,4,87,393000,52,7
TOA PAYOH,5,123,492000,61,1
TOA PAYOH,5,132,550000,62,13
TOA PAYOH,5,132,550000,62,10
TOA PAYOH,5,110,935000,90,16
TOA PAYOH,5,110,838000,90,4
TOA PAYOH,5,116,865000,79,19
TOA PAYOH,5,117,755000,76,22
TOA PAYOH,5,125,630000,71,10
TOA PAYOH,5,121,650888,77,4
TOA PAYOH,5,117,475000,54,4
TOA PAYOH,5,143,728000,62,7
TOA PAYOH,6,146,726888,67,1
TOA PAYOH,2,45,218000,46,7
TOA PAYOH,2,43,180000,45,10
TOA PAYOH,2,54,190000,45,10
TOA PAYOH,2,43,183888,61,7
TOA PAYOH,3,66,210000,52,4
TOA PAYOH,3,75,280000,51,7
TOA PAYOH,3,68,272000,48,7
TOA PAYOH,3,67,250000,48,1
TOA PAYOH,3,65,229000,45,1
TOA PAYOH,3,67,250000,48,10
TOA PAYOH,3,65,266000,45,7
TOA PAYOH,3,65,295000,50,10
TOA PAYOH,3,63,265000,48,10
TOA PAYOH,3,63,280000,48,16
TOA PAYOH,3,68,220000,46,7
TOA PAYOH,3,68,250000,46,16
TOA PAYOH,3,67,252000,49,16
TOA PAYOH,3,66,235000,48,10
TOA PAYOH,3,66,180000,48,1
TOA PAYOH,3,65,242000,54,7
TOA PAYOH,3,67,270000,63,1
TOA PAYOH,3,75,380000,62,7
TOA PAYOH,3,89,368000,62,1
TOA PAYOH,3,74,390000,62,1
TOA PAYOH,3,67,238000,48,7
TOA PAYOH,3,67,220000,49,4
TOA PAYOH,3,67,237000,49,10
TOA PAYOH,3,65,270000,60,7
TOA PAYOH,3,75,310000,51,10
TOA PAYOH,3,65,278000,51,7
TOA PAYOH,3,65,248000,51,4
TOA PAYOH,4,106,435000,62,10
TOA PAYOH,4,103,390000,62,4
TOA PAYOH,4,106,400000,62,7
TOA PAYOH,4,103,625000,65,10
TOA PAYOH,4,103,535000,65,7
TOA PAYOH,4,84,480000,53,10
TOA PAYOH,4,91,736000,84,10
TOA PAYOH,4,103,660000,75,10
TOA PAYOH,4,103,673000,75,4
TOA PAYOH,4,110,500000,71,1
TOA PAYOH,4,103,540000,76,7
TOA PAYOH,4,82,310000,54,13
TOA PAYOH,4,103,445000,62,1
TOA PAYOH,4,87,359000,51,7
TOA PAYOH,5,132,545000,62,16
TOA PAYOH,5,122,560000,67,1
TOA PAYOH,5,113,938000,90,13
TOA PAYOH,5,117,1035000,90,28
TOA PAYOH,5,114,990000,90,25
TOA PAYOH,5,126,969000,80,28
TOA PAYOH,5,121,780000,75,10
TOA PAYOH,5,121,698000,71,1
TOA PAYOH,5,121,720000,77,22
TOA PAYOH,5,114,522000,56,22
TOA PAYOH,5,117,468000,54,1
TOA PAYOH,5,117,515000,54,25
TOA PAYOH,5,117,507000,54,13
TOA PAYOH,6,146,640000,67,7
TOA PAYOH,6,146,760000,65,1
TOA PAYOH,6,144,901000,71,4
TOA PAYOH,6,161,850000,62,1
